t,reward,x,y,theta,vx,vy,throttle,wind_vx,wind_vy
0.0,0.0,104.53681235544988,806.6644303990895,0.013031009922143538,35.75831229132147,0.002249962313508602,0.5,-6.224150181765459,-1.0462420093941358
0.1,-0.32486485725947506,104.53681235544988,806.6644303990895,0.013031009922143538,35.75831229132147,0.002249962313508602,0.5,-6.224150181765459,-1.0462420093941358
0.2,-1.3804606676976294,108.10742161114592,806.5872849032307,-0.09921899007785645,35.65387282259945,-1.5451598794889974,0.165,-6.224150181765459,-1.0462420093941358
0.30000000000000004,-2.211733596908804,111.6617593307432,806.3392719935841,-0.1745,35.43288156934592,-3.4150983134424027,0.165,-6.224150181765459,-1.0462420093941358
0.4,-2.86364212245085,115.19841040894386,805.9240387197,-0.1745,35.30013999466729,-4.88956716424088,0.165,-6.224150181765459,-1.0462420093941358
0.5,-3.3729808110000024,118.72486447043059,805.3767995864011,-0.1745,35.22894123506721,-6.055215501735198,0.165,-6.224150181765459,-1.0462420093941358
0.6,-3.7694832690744007,122.24639622336812,804.7251851839425,-0.1745,35.20169382368346,-6.977072547438212,0.165,-6.224150181765459,-1.0462420093941358
0.7,-4.076969548891277,125.76680160677432,803.9910533022683,-0.1745,35.20641384444066,-7.705565086045499,0.165,-6.224150181765459,-1.0462420093941358
0.7999999999999999,-4.31440698045604,129.28885834560495,803.1917499110959,-0.1745,35.23472093217192,-8.280502737400402,0.165,-6.224150181765459,-1.0462420093941358
0.8999999999999999,-4.496833062665736,132.8146259046573,802.3410458006343,-0.1745,35.28063024887494,-8.733579471830916,0.165,-6.224150181765459,-1.0462420093941358
0.9999999999999999,-4.63613100912839,136.34564708352096,801.4498618362367,-0.1745,35.339793328397874,-9.090099816122603,0.165,-6.224150181765459,-1.0462420093941358
1.0999999999999999,-4.741667878958027,139.88308700073532,800.5268437206652,-0.1745,35.40900501588945,-9.37026249530812,0.165,-6.224150181765459,-1.0462420093941358
1.2,-4.820812585324229,143.4278309746696,799.5788224635662,-0.1745,35.485874462796254,-9.5901626466704,0.165,-6.224150181765459,-1.0462420093941358
1.3,-4.879352584783652,146.98055472181022,798.611184573255,-0.1745,35.56860048001599,-9.762595159555824,0.165,-6.224150181765459,-1.0462420093941358
1.4000000000000001,-4.921826930691387,150.54177549639854,797.6281695249462,-0.1745,35.655815011750434,-9.897705806618522,0.165,-6.224150181765459,-1.0462420093941358
1.5000000000000002,-4.95179124001108,154.111889851003,796.6331082213989,-0.1745,35.746472080339146,-10.003520264327467,0.165,-6.224150181765459,-1.0462420093941358
1.6000000000000003,-4.97202775175186,157.69120184007267,795.6286135555388,-0.1745,35.83976770105362,-10.086373052873467,0.165,-6.224150181765459,-1.0462420093941358
1.7000000000000004,-4.98471139923651,161.27994428951135,794.6167322042601,-0.1745,35.93508128772012,-10.151253972700937,0.165,-6.224150181765459,-1.0462420093941358
1.8000000000000005,-4.99154081837499,164.87829496558476,793.5990651722918,-0.1745,36.03193223374811,-10.202086666663053,0.165,-6.224150181765459,-1.0462420093941358
1.9000000000000006,-4.993841508385036,168.48638894647414,792.5768632569258,-0.1745,36.12994738403965,-10.241951640657469,0.165,-6.224150181765459,-1.0462420093941358
2.0000000000000004,-4.992646940564801,172.10432813765397,791.551102468922,-0.1745,36.228836439557206,-10.273264119419586,0.165,-6.224150181765459,-1.0462420093941358
2.1000000000000005,-4.988762245308349,175.73218862048168,790.5225434929868,-0.1745,36.32837321699718,-10.297915399283625,0.165,-6.224150181765459,-1.0462420093941358
2.2000000000000006,-4.982814161751705,179.37002634536034,789.4917784800228,-0.1745,36.428381280576126,-10.317384859994924,0.165,-6.224150181765459,-1.0462420093941358
2.3000000000000007,-4.97529017269435,183.01788155294486,788.4592678118314,-0.1745,36.528722871114304,-10.332828503834264,0.165,-6.224150181765459,-1.0462420093941358
2.400000000000001,-4.966569137400411,186.67578221362828,787.4253689470553,-0.1745,36.62929034255391,-10.34514879168719,0.165,-6.224150181765459,-1.0462420093941358
2.500000000000001,-4.956945248436449,190.34374670666924,786.3903590261502,-0.1745,36.72999951826515,-10.355049626413532,0.165,-6.224150181765459,-1.0462420093941358
2.600000000000001,-4.946646752113335,194.0217859088454,785.3544525661174,-0.1745,36.83078452525787,-10.36307957424255,0.165,-6.224150181765459,-1.0462420093941358
2.700000000000001,-4.93585056569472,197.70990482365943,784.317815297723,-0.1745,36.93159377102265,-10.369665793646252,0.165,-6.224150181765459,-1.0462420093941358
2.800000000000001,-4.924693682214389,201.40810385254642,783.2805749761784,-0.1745,37.03238680671732,-10.375140637244392,0.165,-6.224150181765459,-1.0462420093941358
2.9000000000000012,-4.9132820624550675,205.11637978686312,782.2428298200001,-0.1745,37.133131879616926,-10.379762486321816,0.165,-6.224150181765459,-1.0462420093941358
3.0000000000000013,-4.901697562869026,208.83472658197147,781.2046550930734,-0.1745,37.23380402255001,-10.383732052214112,0.165,-6.224150181765459,-1.0462420093941358
3.1000000000000014,-4.890003329542884,212.56313596121038,780.1661082345004,-0.1745,37.33438356222837,-10.387205119244806,0.165,-6.224150181765459,-1.0462420093941358
3.2000000000000015,-4.8782479950035835,216.30159788705333,779.1272328536626,-0.1745,37.434854954630964,-10.390302497510975,0.165,-6.224150181765459,-1.0462420093941358
3.3000000000000016,-4.86646894138299,220.05010092857847,778.0880618392778,-0.1745,37.53520587587206,-10.393117790184538,0.165,-6.224150181765459,-1.0462420093941358
3.4000000000000017,-4.854694835962227,223.8086325480069,777.04861977724,-0.1745,37.63542651269657,-10.39572345057108,0.165,-6.224150181765459,-1.0462420093941358
3.5000000000000018,-4.842947600044657,227.57717932409,776.0089248296115,-0.1745,37.73550900896515,-10.398175501998576,0.165,-6.224150181765459,-1.0462420093941358
3.600000000000002,-4.83124393680346,231.35572712623906,774.968990193857,-0.1745,37.83544703401606,-10.400517213089369,0.165,-6.224150181765459,-1.0462420093941358
3.700000000000002,-4.8195965161205025,235.14426125025125,773.9288252353224,-0.1745,37.93523544622754,-10.402781957603493,0.165,-6.224150181765459,-1.0462420093941358
3.800000000000002,-4.808014892826392,238.94276652410852,772.8884363655303,-0.1745,38.034870030917766,-10.404995438238414,0.165,-6.224150181765459,-1.0462420093941358
3.900000000000002,-4.796506217866814,242.75122739046776,771.8478277228849,-0.1745,38.13434729626704,-10.407177414670402,0.165,-6.224150181765459,-1.0462420093941358
4.000000000000002,-4.785075788735264,246.5696279710064,770.8070016998785,-0.1745,38.233664314505866,-10.409343045457142,0.165,-6.224150181765459,-1.0462420093941358
4.100000000000001,-4.773727475223506,250.39795211665165,769.765959351136,-0.1745,38.332818598398696,-10.41150392939295,0.165,-6.224150181765459,-1.0462420093941358
4.200000000000001,-4.76246404851799,254.23618344683325,768.7247007090115,-0.1745,38.43180800523346,-10.413668913096787,0.165,-6.224150181765459,-1.0462420093941358
4.300000000000001,-4.751287435418506,258.0843053802066,767.6832250275118,-0.1745,38.53063066223397,-10.415844716898683,0.165,-6.224150181765459,-1.0462420093941358
4.4,-4.740198914586628,261.9423011587507,766.6415309706873,-0.1745,38.62928490864709,-10.418036419589004,0.165,-6.224150181765459,-1.0462420093941358
4.5,-4.729199267942845,265.8101538667231,765.5996167580272,-0.1745,38.727769250801025,-10.420247833612375,0.165,-6.224150181765459,-1.0462420093941358
4.6,-4.718288897384801,269.6878464456255,764.5574802765827,-0.1745,38.82608232724722,-10.42248179527761,0.165,-6.224150181765459,-1.0462420093941358
4.699999999999999,-4.707467914709232,273.57536170607466,763.5151191673644,-0.1745,38.924222881736085,-10.424740389087676,0.165,-6.224150181765459,-1.0462420093941358
4.799999999999999,-4.696736210841787,277.4726823372752,762.4725308918585,-0.1745,39.02218974227481,-10.427025121032864,0.165,-6.224150181765459,-1.0462420093941358
4.899999999999999,-4.6860935090987255,281.37979091463416,761.4297127831883,-0.1745,39.11998180490419,-10.429337052372052,0.165,-6.224150181765459,-1.0462420093941358
4.999999999999998,-4.675539406133884,285.2966699059361,760.3866620854275,-0.1745,39.21759802113436,-10.43167690284448,0.165,-6.224150181765459,-1.0462420093941358
5.099999999999998,-4.665073403394567,289.2233016764036,759.343375983773,-0.1745,39.31503738821565,-10.43404513024605,0.165,-6.224150181765459,-1.0462420093941358
5.1999999999999975,-4.654694931267276,293.15966849289464,758.2998516276734,-0.1745,39.41229894160497,-10.43644199174326,0.165,-6.224150181765459,-1.0462420093941358
5.299999999999997,-4.6444033675966665,297.10575252743143,757.256086148532,-0.1745,39.509381749131016,-10.438867591085572,0.165,-6.224150181765459,-1.0462420093941358
5.399999999999997,-4.634198051876269,301.0615358602117,756.2120766732309,-0.1745,39.606284906473334,-10.441321914936113,0.165,-6.224150181765459,-1.0462420093941358
5.4999999999999964,-4.624078296111941,305.02700048221817,755.1678203344435,-0.1745,39.703007533656795,-10.443804860810845,0.165,-6.224150181765459,-1.0462420093941358
5.599999999999996,-4.614043393129216,309.0021282975175,754.1233142784754,-0.1745,39.79954877233029,-10.446316258550656,0.165,-6.224150181765459,-1.0462420093941358
5.699999999999996,-4.604092622918216,312.9869011253166,753.0785556712073,-0.1745,39.895907783650735,-10.448855886812721,0.165,-6.224150181765459,-1.0462420093941358
5.799999999999995,-4.5942252574729,316.98130070183083,752.0335417025802,-0.1745,39.99208374663401,-10.45142348572833,0.165,-6.224150181765459,-1.0462420093941358
5.899999999999995,-4.584440564475853,320.98530868200584,750.9882695899632,-0.1745,40.08807585686588,-10.45401876661202,0.165,-6.224150181765459,-1.0462420093941358
5.999999999999995,-4.574737810098453,324.99890664112365,749.9427365806624,-0.1745,40.18388332549023,-10.456641419404079,0.165,-6.224150181765459,-1.0462420093941358
6.099999999999994,-4.565116261123668,329.0220760763187,748.8969399537737,-0.1745,40.27950537841088,-10.459291118371814,0.165,-6.224150181765459,-1.0462420093941358
6.199999999999994,-4.555575186550466,333.0547984080221,747.8508770215313,-0.1745,40.37494125565781,-10.461967526474021,0.165,-6.224150181765459,-1.0462420093941358
6.299999999999994,-4.546113858801837,337.097054981349,746.8045451302727,-0.1745,40.470190210879736,-10.46467029869981,0.165,-6.224150181765459,-1.0462420093941358
6.399999999999993,-4.5367315546298626,341.1488270674397,745.7579416611067,-0.1745,40.565251510934026,-10.467399084620984,0.165,-6.224150181765459,-1.0462420093941358
6.499999999999993,-4.527427555789448,345.21009586476396,744.7110640303586,-0.1745,40.660124435551296,-10.470153530341767,0.165,-6.224150181765459,-1.0462420093941358
6.5999999999999925,-4.51820114953549,349.2808425003944,743.6639096898422,-0.1745,40.75480827705748,-10.472933279986968,0.165,-6.224150181765459,-1.0462420093941358
6.699999999999992,-4.50905162898546,353.36104803125426,742.616476127001,-0.1745,40.84930234014003,-10.475737976836875,0.165,-6.224150181765459,-1.0462420093941358
6.799999999999992,-4.4999782933793515,357.45069344534363,741.5687608649496,-0.1745,40.94360594164805,-10.478567264191893,0.165,-6.224150181765459,-1.0462420093941358
6.8999999999999915,-4.4909804482616,361.54975966294694,740.5207614624385,-0.1745,41.03771841041854,-10.481420786030544,0.165,-6.224150181765459,-1.0462420093941358
6.999999999999991,-4.482057405603561,365.658227537824,739.4724755137615,-0.1745,41.131639087122664,-10.484298187509564,0.165,-6.224150181765459,-1.0462420093941358
7.099999999999991,-4.473208483880894,369.77607785838654,738.4239006486189,-0.1745,41.225367324127475,-10.48719911534339,0.165,-6.224150181765459,-1.0462420093941358
7.19999999999999,-4.464433008116695,373.9032913488614,737.3750345319471,-0.1745,41.31890248536961,-10.490123218091547,0.165,-6.224150181765459,-1.0462420093941358
7.29999999999999,-4.455730309898666,378.03984867044176,736.3258748637237,-0.1745,41.412243946238135,-10.493070146375745,0.165,-6.224150181765459,-1.0462420093941358
7.39999999999999,-4.447099727376674,382.1857304224269,735.2764193787527,-0.1745,41.505391093464546,-10.496039553043348,0.165,-6.224150181765459,-1.0462420093941358
7.499999999999989,-4.438540605245483,386.340917143351,734.226665846436,-0.1745,41.59834332501835,-10.49903109328992,0.165,-6.224150181765459,-1.0462420093941358
7.599999999999989,-4.430052294716321,390.5053893121023,733.176612070534,-0.1745,41.69110005000695,-10.502044424750562,0.165,-6.224150181765459,-1.0462420093941358
7.699999999999989,-4.421634153480076,394.6791273490316,732.1262558889181,-0.1745,41.783660688579005,-10.505079207567421,0.165,-6.224150181765459,-1.0462420093941358
7.799999999999988,-4.41328554566425,398.86211161705205,731.0755951733178,-0.1745,41.87602467183045,-10.508135104439045,0.165,-6.224150181765459,-1.0462420093941358
7.899999999999988,-4.405005841785242,403.05432242272923,730.024627829063,-0.1745,41.968191441712726,-10.511211780655836,0.165,-6.224150181765459,-1.0462420093941358
7.999999999999988,-4.396794418697223,407.25574001736203,728.973351794824,-0.1745,42.060160450942774,-10.514308904124917,0.165,-6.224150181765459,-1.0462420093941358
8.099999999999987,-4.388650659538515,411.4663445980549,727.9217650423484,-0.1745,42.1519311629145,-10.517426145386866,0.165,-6.224150181765459,-1.0462420093941358
8.199999999999987,-4.380573953676165,415.6861163087812,726.8698655761978,-0.1745,42.243503051611405,-10.520563177626238,0.165,-6.224150181765459,-1.0462420093941358
8.299999999999986,-4.372563696649286,419.9150352414378,725.8176514334825,-0.1745,42.334875601520324,-10.523719676677311,0.165,-6.224150181765459,-1.0462420093941358
8.399999999999986,-4.364619290111534,424.1530814368911,724.7651206835974,-0.1745,42.426048307546,-10.526895321026132,0.165,-6.224150181765459,-1.0462420093941358
8.499999999999986,-4.35674014177305,428.40023488601474,723.7122714279556,-0.1745,42.5170206749265,-10.53008979180973,0.165,-6.224150181765459,-1.0462420093941358
8.599999999999985,-4.348925665342098,432.6564755307185,722.6591017997245,-0.1745,42.60779221914932,-10.53330277281311,0.165,-6.224150181765459,-1.0462420093941358
8.699999999999985,-4.341175280466588,436.9217832649694,721.6056099635606,-0.1745,42.698362465868136,-10.536533950464515,0.165,-6.224150181765459,-1.0462420093941358
8.799999999999985,-4.333488412675584,441.19613793580385,720.551794115346,-0.1745,42.788730950820195,-10.539783013829314,0.165,-6.224150181765459,-1.0462420093941358
8.899999999999984,-4.325864493320961,445.47951934433206,719.4976524819243,-0.1745,42.87889721974425,-10.54304965460283,0.165,-6.224150181765459,-1.0462420093941358
8.999999999999984,-4.31830295951922,449.7719072467342,718.443183320839,-0.1745,42.96886082829904,-10.546333567102273,0.165,-6.224150181765459,-1.0462420093941358
9.099999999999984,-4.310803254093583,454.07328135524824,717.388384920071,-0.1745,43.0586213419823,-10.54963444825799,0.165,-6.224150181765459,-1.0462420093941358
9.199999999999983,-4.303364825516375,458.3836213391499,716.3332555977779,-0.1745,43.14817833605031,-10.552951997604122,0.165,-6.224150181765459,-1.0462420093941358
9.299999999999983,-4.295987127851743,462.7029068257243,715.2777937020343,-0.1745,43.23753139543785,-10.556285917268784,0.165,-6.224150181765459,-1.0462420093941358
9.399999999999983,-4.288669620698743,467.0311174012301,714.2219976105727,-0.1745,43.32668011467876,-10.559635911963841,0.165,-6.224150181765459,-1.0462420093941358
9.499999999999982,-4.281411769134803,471.3682326118554,713.1658657305258,-0.1745,43.41562409782689,-10.563001688974335,0.165,-6.224150181765459,-1.0462420093941358
9.599999999999982,-4.274213043659594,475.7142319646656,712.1093964981696,-0.1745,43.50436295837756,-10.566382958147607,0.165,-6.224150181765459,-1.0462420093941358
9.699999999999982,-4.26707292013931,480.06909492854396,711.0525883786681,-0.1745,43.592896319189464,-10.569779431882155,0.165,-6.224150181765459,-1.0462420093941358
9.799999999999981,-4.259990879751375,484.4328009351238,709.9954398658182,-0.1745,43.68122381240705,-10.573190825116269,0.165,-6.224150181765459,-1.0462420093941358
9.89999999999998,-4.252966408929571,488.8053293797133,708.9379494817965,-0.1745,43.76934507938337,-10.576616855316429,0.165,-6.224150181765459,-1.0462420093941358
9.99999999999998,-4.245998999309621,493.1866596222127,707.8801157769075,-0.1745,43.857259770603385,-10.58005724246553,0.165,-6.224150181765459,-1.0462420093941358
10.09999999999998,-4.239088147675195,497.5767709880232,706.8219373293316,-0.1745,43.94496754560768,-10.583511709050931,0.165,-6.224150181765459,-1.0462420093941358
10.19999999999998,-4.232233355904379,501.97564276894946,705.7634127448764,-0.1745,44.0324680729167,-10.586979980052327,0.165,-6.224150181765459,-1.0462420093941358
10.29999999999998,-4.225434130916572,506.38325422409304,704.7045406567273,-0.1745,44.11976102995536,-10.590461782929486,0.165,-6.224150181765459,-1.0462420093941358
10.399999999999979,-4.218689984619862,510.7995845807397,703.6453197252004,-0.1745,44.20684610297818,-10.593956847609844,0.165,-6.224150181765459,-1.0462420093941358
10.499999999999979,-4.212000433858824,515.2246130352383,702.5857486374961,-0.1745,44.293722986994794,-10.59746490647596,0.165,-6.224150181765459,-1.0462420093941358
10.599999999999978,-4.2053650003627965,519.6583187538729,701.5258261074546,-0.1745,44.380391385695944,-10.600985694352861,0.165,-6.224150181765459,-1.0462420093941358
10.699999999999978,-4.1987832106945975,524.1006808737267,700.4655508753121,-0.1745,44.46685101137991,-10.604518948495272,0.165,-6.224150181765459,-1.0462420093941358
10.799999999999978,-4.192254596199704,528.5516785035396,699.4049217074587,-0.1745,44.55310158487935,-10.60806440857473,0.165,-6.224150181765459,-1.0462420093941358
10.899999999999977,-4.185778692955883,533.011290724558,698.3439373961967,-0.1745,44.63914283548863,-10.61162181666661,0.165,-6.224150181765459,-1.0462420093941358
10.999999999999977,-4.179355041723275,537.479496591377,697.2825967595015,-0.1745,44.72497450089151,-10.615190917237047,0.165,-6.224150181765459,-1.0462420093941358
11.099999999999977,-4.172983187894944,541.9562751327761,696.2208986407832,-0.1745,44.81059632708937,-10.618771457129787,0.165,-6.224150181765459,-1.0462420093941358
11.199999999999976,-4.166662681447866,546.4416053525471,695.158841908649,-0.1745,44.89600806832975,-10.622363185552935,0.165,-6.224150181765459,-1.0462420093941358
11.299999999999976,-4.160393076894383,550.9354662303153,694.0964254566682,-0.1745,44.981209487035414,-10.625965854065644,0.165,-6.224150181765459,-1.0462420093941358
11.399999999999975,-4.154173933234109,555.4378367223538,693.0336482031366,-0.1745,45.0662003537338,-10.629579216564723,0.165,-6.224150181765459,-1.0462420093941358
11.499999999999975,-4.14800481390628,559.9486957623899,691.9705090908449,-0.1745,45.15098044698688,-10.633203029271188,0.165,-6.224150181765459,-1.0462420093941358
11.599999999999975,-4.141885286742564,564.4680222624053,690.9070070868455,-0.1745,45.23554955332148,-10.636837050716746,0.165,-6.224150181765459,-1.0462420093941358
11.699999999999974,-4.135814923920316,568.9957951134294,689.8431411822231,-0.1745,45.31990746716002,-10.64048104173022,0.165,-6.224150181765459,-1.0462420093941358
11.799999999999974,-4.129793301916283,573.5319931863249,688.7789103918655,-0.1745,45.40405399075161,-10.644134765423937,0.165,-6.224150181765459,-1.0462420093941358
11.899999999999974,-4.123820001460753,578.0765953325676,687.7143137542353,-0.1745,45.48798893410367,-10.647797987180045,0.165,-6.224150181765459,-1.0462420093941358
11.999999999999973,-4.117894607492147,582.6295803850185,686.6493503311444,-0.1745,45.571712114913865,-10.651470474636815,0.165,-6.224150181765459,-1.0462420093941358
12.099999999999973,-4.112016709112066,587.1909271586893,685.5840192075289,-0.1745,45.655223358502525,-10.655151997674881,0.165,-6.224150181765459,-1.0462420093941358
12.199999999999973,-4.106185899540761,591.7606144515017,684.5183194912249,-0.1745,45.73852249774544,-10.65884232840346,0.165,-6.224150181765459,-1.0462420093941358
12.299999999999972,-4.100401776073063,596.3386210450394,683.4522503127474,-0.1745,45.82160937300708,-10.662541241146533,0.165,-6.224150181765459,-1.0462420093941358
12.399999999999972,-4.094663940034726,600.9249257052935,682.3858108250687,-0.1745,45.9044838320742,-10.666248512429,0.165,-6.224150181765459,-1.0462420093941358
12.499999999999972,-4.088971996739227,605.5195071834017,681.3190002033991,-0.1745,45.98714573008989,-10.669963920962816,0.165,-6.224150181765459,-1.0462420093941358
12.599999999999971,-4.083325555444985,610.1223442163806,680.2518176449694,-0.1745,46.06959492948802,-10.673687247633106,0.165,-6.224150181765459,-1.0462420093941358
12.69999999999997,-4.077724229313022,614.7334155278514,679.1842623688135,-0.1745,46.15183129992804,-10.677418275484257,0.165,-6.224150181765459,-1.0462420093941358
12.79999999999997,-4.072167635365034,619.3526998287593,678.116333615554,-0.1745,46.23385471823024,-10.681156789706005,0.165,-6.224150181765459,-1.0462420093941358
12.89999999999997,-4.066655394441908,623.9801758180864,677.0480306471877,-0.1745,46.31566506831139,-10.684902577619505,0.165,-6.224150181765459,-1.0462420093941358
12.99999999999997,-4.061187131162651,628.6158221835581,675.9793527468736,-0.1745,46.39726224112075,-10.6886554286634,0.165,-6.224150181765459,-1.0462420093941358
13.09999999999997,-4.055762473883739,633.2596176023429,674.9102992187214,-0.1745,46.47864613457652,-10.692415134379884,0.165,-6.224150181765459,-1.0462420093941358
13.199999999999969,-4.050381054658886,637.9115407417469,673.8408693875824,-0.1745,46.55981665350265,-10.69618148840076,0.165,-6.224150181765459,-1.0462420093941358
13.299999999999969,-4.045042509199231,642.5715702599003,672.7710625988407,-0.1745,46.64077370956604,-10.699954286433512,0.165,-6.224150181765459,-1.0462420093941358
13.399999999999968,-4.0397464768339315,647.2396848064393,671.7008782182066,-0.1745,46.72151722121415,-10.703733326247358,0.165,-6.224150181765459,-1.0462420093941358
13.499999999999968,-4.034492600471174,651.9158630231807,670.6303156315113,-0.1745,46.802047113612986,-10.707518407659336,0.165,-6.224150181765459,-1.0462420093941358
13.599999999999968,-4.029280526559581,656.6000835447907,669.5593742445024,-0.1745,46.882363318585455,-10.711309332520386,0.165,-6.224150181765459,-1.0462420093941358
13.699999999999967,-4.024109905050031,661.2923249994475,668.4880534826412,-0.1745,46.96246577455014,-10.715105904701444,0.165,-6.224150181765459,-1.0462420093941358
13.799999999999967,-4.01898038935788,665.992566009498,667.4163527909022,-0.1745,47.04235442646042,-10.718907930079553,0.165,-6.224150181765459,-1.0462420093941358
13.899999999999967,-4.013891636325572,670.7007851921082,666.344271633572,-0.1745,47.12202922574398,-10.722715216523994,0.165,-6.224150181765459,-1.0462420093941358
13.999999999999966,-4.008843306185646,675.4169611599076,665.2718094940517,-0.1745,47.20149013024272,-10.726527573882432,0.165,-6.224150181765459,-1.0462420093941358
14.099999999999966,-4.003835062524154,680.1410725216274,664.1989658746592,-0.1745,47.280737104153,-10.730344813967076,0.165,-6.224150181765459,-1.0462420093941358
14.199999999999966,-3.998866572244435,684.8730978827333,663.1257402964337,-0.1745,47.359770117966285,-10.73416675054088,0.165,-6.224150181765459,-1.0462420093941358
14.299999999999965,-3.9939375055313038,689.6130158460521,662.0521322989415,-0.1745,47.43858914841017,-10.73799319930375,0.165,-6.224150181765459,-1.0462420093941358
14.399999999999965,-3.989047535815611,694.3608050123921,660.9781414400824,-0.1745,47.51719417838975,-10.741823977878795,0.165,-6.224150181765459,-1.0462420093941358
14.499999999999964,-3.984196339739179,699.1164439811581,659.9037672958985,-0.1745,47.59558519692935,-10.745658905798596,0.165,-6.224150181765459,-1.0462420093941358
14.599999999999964,-3.9793835971201212,703.8799113509604,658.829009460384,-0.1745,47.67376219911468,-10.749497804491503,0.165,-6.224150181765459,-1.0462420093941358
14.699999999999964,-3.9746089909185334,708.6511857202179,657.753867545296,-0.1745,47.751725186035266,-10.75334049726798,0.165,-6.224150181765459,-1.0462420093941358
14.799999999999963,-3.969872207202555,713.430245687756,656.6783411799672,-0.1745,47.829474164727344,-10.757186809306962,0.165,-6.224150181765459,-1.0462420093941358
14.899999999999963,-3.965172935114793,718.2170698533982,655.6024300111197,-0.1745,47.90700914811701,-10.761036567642275,0.165,-6.224150181765459,-1.0462420093941358
14.999999999999963,-3.9605108668391207,723.0116368185522,654.5261337026801,-0.1745,47.98433015496382,-10.764889601149063,0.165,-6.224150181765459,-1.0462420093941358
15.099999999999962,-3.9558856975678247,727.8139251867907,653.4494519355961,-0.1745,48.06143720980467,-10.768745740530278,0.165,-6.224150181765459,-1.0462420093941358
15.199999999999962,-3.9512971254691207,732.6239135644258,652.3723844076544,-0.1745,48.13833034289811,-10.772604818303199,0.165,-6.224150181765459,-1.0462420093941358
15.299999999999962,-3.946744851655012,737.4415805610791,651.2949308333,-0.1745,48.21500959016892,-10.776466668785995,0.165,-6.224150181765459,-1.0462420093941358
15.399999999999961,-3.942228580149514,742.2669047902452,650.2170909434565,-0.1745,48.29147499315313,-10.780331128084326,0.165,-6.224150181765459,-1.0462420093941358
15.499999999999961,-3.937748017857211,747.0998648698501,649.1388644853483,-0.1745,48.36772659894333,-10.784198034078,0.165,-6.224150181765459,-1.0462420093941358
15.59999999999996,-3.933302874532172,751.9404394228039,648.060251222324,-0.1745,48.44376446013432,-10.788067226407664,0.165,-6.224150181765459,-1.0462420093941358
15.69999999999996,-3.9288928627471975,756.7886070775492,646.9812509336806,-0.1745,48.51958863476917,-10.791938546461543,0.165,-6.224150181765459,-1.0462420093941358
15.79999999999996,-3.9245176978634104,761.644346468602,645.9018634144894,-0.1745,48.59519918628557,-10.795811837362235,0.165,-6.224150181765459,-1.0462420093941358
15.89999999999996,-3.920177098000182,766.5076362370894,644.8220884754236,-0.1745,48.670596183462514,-10.799686943953544,0.165,-6.224150181765459,-1.0462420093941358
15.99999999999996,-3.9158707840053895,771.3784550312809,643.7419259425866,-0.1745,48.74577970036737,-10.803563712787371,0.165,-6.224150181765459,-1.0462420093941358
16.09999999999996,-3.911598479425999,776.2567815071144,642.6613756573416,-0.1745,48.82074981630327,-10.807441992110652,0.165,-6.224150181765459,-1.0462420093941358
16.19999999999996,-3.907359910478978,781.1425943287175,641.5804374761435,-0.1745,48.89550661575682,-10.811321631852344,0.165,-6.224150181765459,-1.0462420093941358
16.29999999999996,-3.9031548060225383,786.0358721689227,640.4991112703703,-0.1745,48.97005018834618,-10.815202483610475,0.165,-6.224150181765459,-1.0462420093941358
16.399999999999963,-3.898982897527677,790.9365937097784,639.4173969261578,-0.1745,49.04438062876941,-10.81908440063924,0.165,-6.224150181765459,-1.0462420093941358
16.499999999999964,-3.8948439190500532,795.8447376430546,638.3352943442341,-0.1745,49.118498036753266,-10.822967237836139,0.165,-6.224150181765459,-1.0462420093941358
16.599999999999966,-3.890737607202179,800.7602826707424,637.2528034397558,-0.1745,49.19240251700221,-10.826850851729201,0.165,-6.224150181765459,-1.0462420093941358
16.699999999999967,-3.886663701125899,805.68320750555,636.1699241421461,-0.1745,49.2660941791478,-10.830735100464238,0.165,-6.224150181765459,-1.0462420093941358
16.79999999999997,-3.8826219424652013,810.6134908713923,635.0866563949332,-0.1745,49.33957313769842,-10.834619843792163,0.165,-6.224150181765459,-1.0462420093941358
16.89999999999997,-3.8786120753393205,815.5511115038767,634.0030001555908,-0.1745,49.41283951198931,-10.83850494305636,0.165,-6.224150181765459,-1.0462420093941358
16.99999999999997,-3.874633846316141,820.4960481507827,632.918955395379,-0.1745,49.48589342613292,-10.842390261180132,0.165,-6.224150181765459,-1.0462420093941358
17.099999999999973,-3.8706870043859047,825.4482795725378,631.8345220991873,-0.1745,49.55873500896961,-10.846275662654179,0.165,-6.224150181765459,-1.0462420093941358
17.199999999999974,-3.866771300935204,830.4077845426872,630.7497002653784,-0.1745,49.63136439401866,-10.850161013524161,0.165,-6.224150181765459,-1.0462420093941358
17.299999999999976,-3.862886489721273,835.3745418483596,629.6644899056332,-0.1745,49.70378171942957,-10.854046181378303,0.165,-6.224150181765459,-1.0462420093941358
17.399999999999977,-3.859032326846571,840.3485302907278,628.5788910447975,-0.1745,49.77598712793374,-10.857931035335065,0.165,-6.224150181765459,-1.0462420093941358
17.49999999999998,-3.855208570733641,845.3297286854643,627.4929037207293,-0.1745,49.8479807667964,-10.861815446030883,0.165,-6.224150181765459,-1.0462420093941358
17.59999999999998,-3.85141498210026,850.3181158631925,626.4065279841474,-0.1745,49.91976278776889,-10.865699285607956,0.165,-6.224150181765459,-1.0462420093941358
17.69999999999998,-3.847651323934862,855.313670669933,625.3197638984818,-0.1745,49.99133334704126,-10.869582427702099,0.165,-6.224150181765459,-1.0462420093941358
17.799999999999983,-3.843917361472248,860.3163719675448,624.2326115397252,-0.1745,50.06269260519517,-10.873464747430667,0.165,-6.224150181765459,-1.0462420093941358
17.899999999999984,-3.840212862169556,865.3261986341624,623.1450709962846,-0.1745,50.133840727157065,-10.877346121380533,0.165,-6.224150181765459,-1.0462420093941358
17.999999999999986,-3.836537595682516,870.3431295646279,622.0571423688358,-0.1745,50.20477788215173,-10.881226427596129,0.165,-6.224150181765459,-1.0462420093941358
18.099999999999987,-3.8328913338419612,875.3671436709183,620.9688257701777,-0.1745,50.2755042436561,-10.885105545567555,0.165,-6.224150181765459,-1.0462420093941358
18.19999999999999,-3.8292738506306137,880.3982198825687,619.8801213250883,-0.1745,50.34601998935338,-10.888983356218747,0.165,-6.224150181765459,-1.0462420093941358
18.29999999999999,-3.8256849221601223,885.4363371470907,618.7910291701826,-0.1745,50.41632530108749,-10.892859741895709,0.165,-6.224150181765459,-1.0462420093941358
18.39999999999999,-3.822124326648377,890.481474430386,617.7015494537701,-0.1745,50.486420364817796,-10.896734586354816,0.165,-6.224150181765459,-1.0462420093941358
18.499999999999993,-3.818591844397057,895.5336107171556,616.6116823357148,-0.1745,50.55630537057414,-10.90060777475117,0.165,-6.224150181765459,-1.0462420093941358
18.599999999999994,-3.815087257769453,900.592725011305,615.5214279872959,-0.1745,50.62598051241218,-10.904479193627035,0.165,-6.224150181765459,-1.0462420093941358
18.699999999999996,-3.8116103511685298,905.658796336344,614.4307865910695,-0.1745,50.695445988369016,-10.908348730900315,0.165,-6.224150181765459,-1.0462420093941358
18.799999999999997,-3.8081609110152392,910.7318037357835,613.3397583407318,-0.1745,50.764702000419135,-10.912216275853126,0.165,-6.224150181765459,-1.0462420093941358
18.9,-3.8047387257270837,915.811726273526,612.2483434409831,-0.1745,50.833748754430616,-10.91608171912041,0.165,-6.224150181765459,-1.0462420093941358
19.0,-3.8013435856969124,920.8985430342536,611.1565421073932,-0.1745,50.902586460121654,-10.919944952678623,0.165,-6.224150181765459,-1.0462420093941358
19.1,-3.7979752832719695,925.9922331238106,610.0643545662675,-0.1745,50.971215331017376,-10.92380586983449,0.165,-6.224150181765459,-1.0462420093941358
19.200000000000003,-3.794633612733171,931.0927756695818,608.9717810545151,-0.1745,51.03963558440693,-10.92766436521382,0.165,-6.224150181765459,-1.0462420093941358
19.300000000000004,-3.7913183702746247,936.2001498208672,607.8788218195168,-0.1745,51.107847441300876,-10.931520334750395,0.165,-6.224150181765459,-1.0462420093941358
19.400000000000006,-3.7880293539833723,941.3143347492517,606.7854771189956,-0.1745,51.17585112638887,-10.935373675674917,0.165,-6.224150181765459,-1.0462420093941358
19.500000000000007,-3.784766363819372,946.4353096489709,605.6917472208867,-0.1745,51.24364686799762,-10.939224286504023,0.165,-6.224150181765459,-1.0462420093941358
19.60000000000001,-3.7815292015957014,951.5630537372733,604.59763240321,-0.1745,51.31123489804913,-10.943072067029375,0.165,-6.224150181765459,-1.0462420093941358
19.70000000000001,-3.7783176709589865,956.6975462547767,603.5031329539432,-0.1745,51.37861545201924,-10.946916918306796,0.165,-6.224150181765459,-1.0462420093941358
19.80000000000001,-3.775131577370059,961.8387664658226,602.4082491708956,-0.1745,51.44578876889644,-10.950758742645494,0.165,-6.224150181765459,-1.0462420093941358
19.900000000000013,-3.771970728084818,966.9866936588245,601.3129813615834,-0.1745,51.51275509114096,-10.95459744359734,0.165,-6.224150181765459,-1.0462420093941358
20.000000000000014,-3.768834932135328,972.1413071466137,600.2173298431062,-0.1745,51.57951466464413,-10.958432925946214,0.165,-6.224150181765459,-1.0462420093941358
20.100000000000016,-3.755293527698693,977.3025862667803,599.1212949420241,-0.1745,51.64606773868806,-10.962265095697415,0.165,-5.865237666333761,-0.9750485758765591
20.200000000000017,-3.7448765776724198,982.4707586071663,598.0262333096962,-0.1745,51.71737906903175,-10.93896755086024,0.165,-5.865237666333761,-0.9750485758765591
20.30000000000002,-3.736661675829336,987.6459939528705,596.9330978489565,-0.1745,51.78732784505354,-10.92374166393195,0.165,-5.865237666333761,-0.9750485758765591
20.40000000000002,-3.7300001286876006,992.8281731146649,595.8412012109337,-0.1745,51.856255390832914,-10.91419109652359,0.165,-5.865237666333761,-0.9750485758765591
20.50000000000002,-3.724435918088875,998.0172060267516,594.7500602072777,-0.1745,51.92440285090198,-10.9086289765967,0.165,-5.865237666333761,-0.9750485758765591
20.600000000000023,-3.719648601315563,1003.2130231898662,593.6593353447241,-0.1745,51.99194041138994,-10.905868274474297,0.165,-5.865237666333761,-0.9750485758765591
20.700000000000024,-3.7154130919824855,1008.4155696146652,592.5687882300045,-0.1745,52.058988084589174,-10.90507401991701,0.165,-5.865237666333761,-0.9750485758765591
20.800000000000026,-3.7115713422829097,1013.6248005415832,591.4782515725966,-0.1745,52.1256304537722,-10.9056591282412,0.165,-5.865237666333761,-0.9750485758765591
20.900000000000027,-3.7080124132469057,1018.8406784198999,590.3876080669852,-0.1745,52.19192711256122,-10.907210983986644,0.165,-5.865237666333761,-0.9750485758765591
21.00000000000003,-3.704658454599619,1024.0631707777613,589.2967755319302,-0.1745,52.25792004466823,-10.909439717113644,0.165,-5.865237666333761,-0.9750485758765591
21.10000000000003,-3.70145484639,1029.2922487217124,588.2056964572939,-0.1745,52.3236388343528,-10.912141775612222,0.165,-5.865237666333761,-0.9750485758765591
21.20000000000003,-3.698363270222027,1034.5278858805082,587.114330654448,-0.1745,52.389104341560454,-10.915174281305637,0.165,-5.865237666333761,-0.9750485758765591
21.300000000000033,-3.695356841792839,1039.7700576621828,586.0226500911516,-0.1745,52.45433129193021,-10.91843698462446,0.165,-5.865237666333761,-0.9750485758765591
21.400000000000034,-3.6924166931209816,1045.0187407318147,584.9306352633048,-0.1745,52.51933010070837,-10.92185957231224,0.165,-5.865237666333761,-0.9750485758765591
21.500000000000036,-3.689529573842462,1050.2739126446654,583.8382726474746,-0.1745,52.584108156308396,-10.925392744291717,0.165,-5.865237666333761,-0.9750485758765591
21.600000000000037,-3.6866861685253345,1055.535551588633,582.7455529130935,-0.1745,52.64867072304354,-10.929001943329824,0.165,-5.865237666333761,-0.9750485758765591
21.70000000000004,-3.683879916833188,1060.803636203568,581.6524696683806,-0.1745,52.713021575652434,-10.932662950929606,0.165,-5.865237666333761,-0.9750485758765591
21.80000000000004,-3.6811061866620665,1066.0781454546034,580.5590185810598,-0.1745,52.77716344505463,-10.936358795484995,0.165,-5.865237666333761,-0.9750485758765591
21.90000000000004,-3.6783616949269407,1071.3590585434224,579.4651967621489,-0.1745,52.84109833132513,-10.940077582732464,0.165,-5.865237666333761,-0.9750485758765591
22.000000000000043,-3.6756441020178428,1076.6463548461547,578.3710023343068,-0.1745,52.90482772332353,-10.943810974109242,0.165,-5.865237666333761,-0.9750485758765591
22.100000000000044,-3.6729517279870687,1081.9400138699577,577.2764341295992,-0.1745,52.968352752736905,-10.947553120041722,0.165,-5.865237666333761,-0.9750485758765591
22.200000000000045,-3.6702833540209028,1087.2400152226978,576.1814914779716,-0.1745,53.03167430206468,-10.951299912510587,0.165,-5.865237666333761,-0.9750485758765591
22.300000000000047,-3.6676380836328364,1092.546338591815,575.086174059267,-0.1745,53.09479308027605,-10.955048461580704,0.165,-5.865237666333761,-0.9750485758765591
22.40000000000005,-3.6650152456574707,1097.8589637296182,573.99048179974,-0.1745,53.15770967578872,-10.958796728960838,0.165,-5.865237666333761,-0.9750485758765591
22.50000000000005,-3.6624143264878564,1103.1778704430849,572.8944147997115,-0.1745,53.22042459354585,-10.962543271609457,0.165,-5.865237666333761,-0.9750485758765591
22.60000000000005,-3.6598349227616045,1108.5030385868097,571.7979732830099,-0.1745,53.28293828094848,-10.966287062423383,0.165,-5.865237666333761,-0.9750485758765591
22.700000000000053,-3.6572767083392064,1113.834448058156,570.7011575616441,-0.1745,53.345251145981514,-10.970027364893845,0.165,-5.865237666333761,-0.9750485758765591
22.800000000000054,-3.6547394112668448,1119.172078793949,569.603968011123,-0.1745,53.40736356987409,-10.973763645528152,0.165,-5.865237666333761,-0.9750485758765591
22.900000000000055,-3.6522227977110666,1124.5159107682393,568.5064050532122,-0.1745,53.469275915935114,-10.977495512686556,0.165,-5.865237666333761,-0.9750485758765591
23.000000000000057,-3.649726660759395,1129.8659239908218,567.4084691438836,-0.1745,53.53098853571352,-10.981222673886396,0.165,-5.865237666333761,-0.9750485758765591
23.10000000000006,-3.6472508126154946,1135.2220985062718,566.3101607648888,-0.1745,53.59250177328832,-10.984944906010858,0.165,-5.865237666333761,-0.9750485758765591
23.20000000000006,-3.6447950791613257,1140.5844143933489,565.2114804178617,-0.1745,53.65381596825174,-10.988662034530973,0.165,-5.865237666333761,-0.9750485758765591
23.30000000000006,-3.6423592961690234,1145.9528517646504,564.1124286201841,-0.1745,53.714931457779656,-10.992373919019945,0.165,-5.865237666333761,-0.9750485758765591
23.400000000000063,-3.63994330666206,1151.3273907664427,563.0130059020802,-0.1745,53.775848578064874,-10.996080443058183,0.165,-5.865237666333761,-0.9750485758765591
23.500000000000064,-3.637546959076707,1156.7080115786111,561.9132128045673,-0.1745,53.83656766530594,-10.999781507200709,0.165,-5.865237666333761,-0.9750485758765591
23.600000000000065,-3.635170105980512,1162.0946944146958,560.8130498780032,-0.1745,53.89708905638598,-11.003477024079434,0.165,-5.865237666333761,-0.9750485758765591
23.700000000000067,-3.6328126031783374,1167.4874195219818,559.7125176810496,-0.1745,53.95741308933551,-11.007166914993048,0.165,-5.865237666333761,-0.9750485758765591
23.800000000000068,-3.6304743090879037,1172.8861671816308,558.6116167799232,-0.1745,54.01754010364485,-11.010851107533002,0.165,-5.865237666333761,-0.9750485758765591
23.90000000000007,-3.628155084302694,1178.2909177088366,557.51034774785,-0.1745,54.07747044047176,-11.014529533930801,0.165,-5.865237666333761,-0.9750485758765591
24.00000000000007,-3.625854791285064,1183.701651452999,556.4087111646581,-0.1745,54.13720444277633,-11.018202129907204,0.165,-5.865237666333761,-0.9750485758765591
24.100000000000072,-3.623573294149792,1189.118348797908,555.3067076164692,-0.1745,54.1967424554052,-11.021868833870533,0.165,-5.865237666333761,-0.9750485758765591
24.200000000000074,-3.621310458510454,1194.5409901619353,554.2043376954579,-0.1745,54.2560848251407,-11.02552958635769,0.165,-5.865237666333761,-0.9750485758765591
24.300000000000075,-3.6190661513694145,1199.9695559982285,553.1016019996578,-0.1745,54.31523190072559,-11.029184329643838,0.165,-5.865237666333761,-0.9750485758765591
24.400000000000077,-3.6168402410381106,1205.4040267949083,551.9985011328021,-0.1745,54.37418403287107,-11.03283300746925,0.165,-5.865237666333761,-0.9750485758765591
24.500000000000078,-3.6146325970783613,1210.8443830752644,550.8950357041862,-0.1745,54.432941574252986,-11.036475564847507,0.165,-5.865237666333761,-0.9750485758765591
24.60000000000008,-3.6124430902582882,1216.290605397952,549.7912063285473,-0.1745,54.491504879500184,-11.040111947930171,0.165,-5.865237666333761,-0.9750485758765591
24.70000000000008,-3.6102715925183992,1221.742674357186,548.6870136259553,-0.1745,54.54987430517728,-11.043742103910645,0.165,-5.865237666333761,-0.9750485758765591
24.800000000000082,-3.608117976944735,1227.200570582933,547.5824582217119,-0.1745,54.60805020976376,-11.047365980955211,0.165,-5.865237666333761,-0.9750485758765591
24.900000000000084,-3.605982117746942,1232.6642747411029,546.4775407462565,-0.1745,54.666032953630484,-11.05098352815293,0.165,-5.865237666333761,-0.9750485758765591
25.000000000000085,-3.603863890239797,1238.1337675337352,545.3722618350749,-0.1745,54.72382289901459,-11.054594695478608,0.165,-5.865237666333761,-0.9750485758765591
25.100000000000087,-3.6017631708271454,1243.6090296991856,544.2666221286128,-0.1745,54.78142040999325,-11.058199433764848,0.165,-5.865237666333761,-0.9750485758765591
25.200000000000088,-3.5996798369875544,1249.090042012308,543.1606222721905,-0.1745,54.83882585245675,-11.061797694680385,0.165,-5.865237666333761,-0.9750485758765591
25.30000000000009,-3.5976137672611737,1254.576785284635,542.0542629159208,-0.1745,54.896039594081145,-11.065389430712798,0.165,-5.865237666333761,-0.9750485758765591
25.40000000000009,-3.5955648412374774,1260.0692403645542,540.9475447146275,-0.1745,54.95306200430073,-11.068974595154268,0.165,-5.865237666333761,-0.9750485758765591
25.500000000000092,-3.5935329395436435,1265.5673881374832,539.8404683277653,-0.1745,55.00989345428041,-11.07255314208944,0.165,-5.865237666333761,-0.9750485758765591
25.600000000000094,-3.5915179438334146,1271.0712095260417,538.7330344193416,-0.1745,55.06653431688803,-11.076125026384775,0.165,-5.865237666333761,-0.9750485758765591
25.700000000000095,-3.589519736776311,1276.5806854902194,537.6252436578384,-0.1745,55.1229849666669,-11.079690203678943,0.165,-5.865237666333761,-0.9750485758765591
25.800000000000097,-3.5875382020471402,1282.095797027543,536.5170967161357,-0.1745,55.17924577980828,-11.083248630373948,0.165,-5.865237666333761,-0.9750485758765591
25.900000000000098,-3.5855732243157328,1287.6165251732398,535.4085942714357,-0.1745,55.23531713412413,-11.086800263626776,0.165,-5.865237666333761,-0.9750485758765591
26.0000000000001,-3.5836246892368626,1293.142851000397,534.2997370051874,-0.1745,55.29119940901999,-11.090345061341415,0.165,-5.865237666333761,-0.9750485758765591
26.1000000000001,-3.581692483440349,1298.6747556201215,533.1905256030122,-0.1745,55.346892985468,-11.093882982161169,0.165,-5.865237666333761,-0.9750485758765591
26.200000000000102,-3.579776494521289,1304.212220181694,532.0809607546312,-0.1745,55.40239824598019,-11.097413985461166,0.165,-5.865237666333761,-0.9750485758765591
26.300000000000104,-3.5778766110304305,1309.7552258727221,530.971043153791,-0.1745,55.45771557458184,-11.100938031341029,0.165,-5.865237666333761,-0.9750485758765591
26.400000000000105,-3.575992722464676,1315.3037539192906,529.8607734981931,-0.1745,55.512845356785206,-11.10445508061767,0.165,-5.865237666333761,-0.9750485758765591
26.500000000000107,-3.574124719257692,1320.857785586108,528.7501524894213,-0.1745,55.567787979563285,-11.107965094818208,0.165,-5.865237666333761,-0.9750485758765591
26.600000000000108,-3.572272492770636,1326.4173021766524,527.6391808328718,-0.1745,55.62254383132387,-11.111468036172944,0.165,-5.865237666333761,-0.9750485758765591
26.70000000000011,-3.570435935282992,1331.9822850333128,526.5278592376827,-0.1745,55.677113301883786,-11.114963867608438,0.165,-5.865237666333761,-0.9750485758765591
26.80000000000011,-3.5686149399835125,1337.5527155375291,525.4161884166652,-0.1745,55.731496782443344,-11.118452552740639,0.165,-5.865237666333761,-0.9750485758765591
26.900000000000112,-3.5668094009612568,1343.1285751099294,524.3041690862348,-0.1745,55.78569466556096,-11.12193405586809,0.165,-5.865237666333761,-0.9750485758765591
27.000000000000114,-3.5650192131967353,1348.709845210464,523.1918019663431,-0.1745,55.839707345128005,-11.125408341965194,0.165,-5.865237666333761,-0.9750485758765591
27.100000000000115,-3.5632442725531543,1354.2965073385376,522.079087780411,-0.1745,55.89353521634385,-11.128875376675518,0.165,-5.865237666333761,-0.9750485758765591
27.200000000000117,-3.5614844757677515,1359.8885430331393,520.9660272552619,-0.1745,55.9471786756911,-11.132335126305179,0.165,-5.865237666333761,-0.9750485758765591
27.300000000000118,-3.5597397204432326,1365.4859338729693,519.8526211210558,-0.1745,56.00063812091104,-11.135787557816267,0.165,-5.865237666333761,-0.9750485758765591
27.40000000000012,-3.5580099050393006,1371.0886614765639,518.738870111224,-0.1745,56.053913950979286,-11.13923263882032,0.165,-5.865237666333761,-0.9750485758765591
27.50000000000012,-3.5562949288642782,1376.696707502417,517.6247749624043,-0.1745,56.10700656608158,-11.14267033757187,0.165,-5.865237666333761,-0.9750485758765591
27.600000000000122,-3.5545946920668254,1382.3100536491006,516.5103364143777,-0.1745,56.15991636758986,-11.146100622962008,0.165,-5.865237666333761,-0.9750485758765591
27.700000000000124,-3.552909095627739,1387.928681655382,515.395555210004,-0.1745,56.21264375803846,-11.149523464512033,0.165,-5.865237666333761,-0.9750485758765591
27.800000000000125,-3.5512380413518576,1393.552573300339,514.28043209516,-0.1745,56.265189141100564,-11.152938832367132,0.165,-5.865237666333761,-0.9750485758765591
27.900000000000126,-3.5495814318600374,1399.1817104034722,513.1649678186772,-0.1745,56.31755292156477,-11.156346697290115,0.165,-5.865237666333761,-0.9750485758765591
28.000000000000128,-3.5479391705812295,1404.816074824816,512.0491631322799,-0.1745,56.36973550531192,-11.159747030655197,0.165,-5.865237666333761,-0.9750485758765591
28.10000000000013,-3.5463111617446366,1410.4556484650464,510.933018790525,-0.1745,56.42173729929211,-11.163139804441835,0.165,-5.865237666333761,-0.9750485758765591
28.20000000000013,-3.5446973103719595,1416.100413265586,509.8165355507415,-0.1745,56.47355871150184,-11.16652499122861,0.165,-5.865237666333761,-0.9750485758765591
28.300000000000132,-3.543097522269723,1421.7503512087092,508.6997141729707,-0.1745,56.5252001509614,-11.16990256418715,0.165,-5.865237666333761,-0.9750485758765591
28.400000000000134,-3.5415117040216932,1427.405444317642,507.5825554199075,-0.1745,56.576662027692464,-11.173272497076125,0.165,-5.865237666333761,-0.9750485758765591
28.500000000000135,-3.539939762981369,1433.0656746566613,506.46506005684193,-0.1745,56.627944752695775,-11.176634764235258,0.165,-5.865237666333761,-0.9750485758765591
28.600000000000136,-3.538381607264559,1438.7310243311924,505.3472288516012,-0.1745,56.67904873792912,-11.179989340579409,0.165,-5.865237666333761,-0.9750485758765591
28.700000000000138,-3.5368371457420436,1444.401475487903,504.22906257449256,-0.1745,56.729974396285456,-11.183336201592693,0.165,-5.865237666333761,-0.9750485758765591
28.80000000000014,-3.535306288032309,1450.0770103147959,503.1105619982468,-0.1745,56.780722141571175,-11.186675323322651,0.165,-5.865237666333761,-0.9750485758765591
28.90000000000014,-3.5337889444943626,1455.7576110412986,501.99172789796194,-0.1745,56.83129238848462,-11.190006682374467,0.165,-5.865237666333761,-0.9750485758765591
29.000000000000142,-3.532285026220631,1461.4432599383526,500.87256105104797,-0.1745,56.88168555259474,-11.193330255905225,0.165,-5.865237666333761,-0.9750485758765591
29.100000000000144,-3.530794445029927,1467.1339393184983,499.7530622371718,-0.1745,56.93190205031993,-11.196646021618225,0.165,-5.865237666333761,-0.9750485758765591
29.200000000000145,-3.5293171134605,1472.8296315359596,498.633232238203,-0.1745,56.98194229890706,-11.199953957757327,0.165,-5.865237666333761,-0.9750485758765591
29.300000000000146,-3.5278529447631577,1478.5303189867254,497.51307183816004,-0.1745,57.0318067164107,-11.20325404310136,0.165,-5.865237666333761,-0.9750485758765591
29.400000000000148,-3.526401852894463,1484.2359841086295,496.39258182315706,-0.1745,57.08149572167248,-11.206546256958564,0.165,-5.865237666333761,-0.9750485758765591
29.50000000000015,-3.524963752510002,1489.946609381428,495.27176298135106,-0.1745,57.13100973430066,-11.209830579161078,0.165,-5.865237666333761,-0.9750485758765591
29.60000000000015,-3.523538558957729,1495.6621773268755,494.15061610289,-0.1745,57.180349174649855,-11.213106990059476,0.165,-5.865237666333761,-0.9750485758765591
29.700000000000152,-3.522126188271382,1501.3826705087981,493.02914197986115,-0.1745,57.22951446380097,-11.216375470517347,0.165,-5.865237666333761,-0.9750485758765591
29.800000000000153,-3.520726557163965,1507.1080715331652,491.90734140624,-0.1745,57.27850602354125,-11.219636001905917,0.165,-5.865237666333761,-0.9750485758765591
29.900000000000155,-3.519339583021306,1512.8383630481594,490.78521517783975,-0.1745,57.32732427634456,-11.222888566098714,0.165,-5.865237666333761,-0.9750485758765591
30.000000000000156,-3.51796518389568,1518.5735277442443,489.6627640922615,-0.1745,57.37596964535183,-11.226133145466283,0.165,-5.865237666333761,-0.9750485758765591
30.100000000000158,-3.5166032784995025,1524.3135483542294,488.53998894884467,-0.1745,57.424442554351614,-11.229369722870938,0.165,-5.865237666333761,-0.9750485758765591
30.20000000000016,-3.515253786199092,1530.058407653335,487.416890548618,-0.1745,57.47274342776089,-11.232598281661556,0.165,-5.865237666333761,-0.9750485758765591
30.30000000000016,-3.513916627008495,1535.8080884592534,486.29346969425154,-0.1745,57.520872690605984,-11.23581880566842,0.165,-5.865237666333761,-0.9750485758765591
30.400000000000162,-3.51259172158338,1541.562573632209,485.1697271900082,-0.1745,57.56883076850369,-11.239031279198096,0.165,-5.865237666333761,-0.9750485758765591
30.500000000000163,-3.511278991215001,1547.3218460750163,484.04566384169686,-0.1745,57.616618087642536,-11.242235687028366,0.165,-5.865237666333761,-0.9750485758765591
30.600000000000165,-3.509978357824214,1553.0858887331367,482.9212804566253,-0.1745,57.664235074764235,-11.245432014403185,0.165,-5.865237666333761,-0.9750485758765591
30.700000000000166,-3.5086897439555647,1558.8546845947321,481.7965778435538,-0.1745,57.71168215714527,-11.248620247027691,0.165,-5.865237666333761,-0.9750485758765591
30.800000000000168,-3.507413072771448,1564.6282166907183,480.67155681264927,-0.1745,57.758959762578684,-11.251800371063254,0.165,-5.865237666333761,-0.9750485758765591
30.90000000000017,-3.506148268046312,1570.406468094815,479.54621817544,-0.1745,57.806068319356,-11.254972373122566,0.165,-5.865237666333761,-0.9750485758765591
31.00000000000017,-3.504895254160931,1576.1894219235953,478.4205627447706,-0.1745,57.85300825624934,-11.258136240264774,0.165,-5.865237666333761,-0.9750485758765591
31.100000000000172,-3.503653956096748,1581.9770613365324,477.29459133475785,-0.1745,57.89978000249364,-11.261291959990643,0.165,-5.865237666333761,-0.9750485758765591
31.200000000000173,-3.5024242994302646,1587.7693695360456,476.1683047607464,-0.1745,57.94638398776912,-11.264439520237776,0.165,-5.865237666333761,-0.9750485758765591
31.300000000000175,-3.501206210327497,1593.5663297675433,475.0417038392657,-0.1745,57.99282064218381,-11.26757890937586,0.165,-5.865237666333761,-0.9750485758765591
31.400000000000176,-3.499999615538489,1599.3679253194653,473.91478938798684,-0.1745,58.03909039625632,-11.270710116201958,0.165,-5.865237666333761,-0.9750485758765591
31.500000000000178,-3.4988044423918834,1605.174139523323,472.78756222567995,-0.1745,58.08519368089873,-11.273833129935836,0.165,-5.865237666333761,-0.9750485758765591
31.60000000000018,-3.4976206187895547,1610.984955753738,471.6600231721724,-0.1745,58.13113092739964,-11.276947940215338,0.165,-5.865237666333761,-0.9750485758765591
31.70000000000018,-3.496448073201288,1616.8003574284783,470.532173048307,-0.1745,58.176902567407346,-11.280054537091791,0.165,-5.865237666333761,-0.9750485758765591
31.800000000000182,-3.4952867346595284,1622.6203280084942,469.40401267590113,-0.1745,58.222509032913244,-11.28315291102545,0.165,-5.865237666333761,-0.9750485758765591
31.900000000000183,-3.4941365327541702,1628.4448509979516,468.2755428777058,-0.1745,58.26795075623533,-11.286243052880982,0.165,-5.865237666333761,-0.9750485758765591
32.000000000000185,-3.492997397627416,1634.2739099442633,467.1467644773656,-0.1745,58.31322817000186,-11.289324953922993,0.165,-5.865237666333761,-0.9750485758765591
32.100000000000186,-3.4918692599686807,1640.10748843812,466.0176782993789,-0.1745,58.358341707135175,-11.29239860581159,0.165,-5.865237666333761,-0.9750485758765591
32.20000000000019,-3.490752051009551,1645.9455701135187,464.8882851690584,-0.1745,58.40329180083569,-11.29546400059797,0.165,-5.865237666333761,-0.9750485758765591
32.30000000000019,-3.4896457025187937,1651.7881386477889,463.7585859124925,-0.1745,58.44807888456598,-11.298521130720065,0.165,-5.865237666333761,-0.9750485758765591
32.40000000000019,-3.488550146797432,1657.635177761619,462.6285813565066,-0.1745,58.4927033920351,-11.301569988998208,0.165,-5.865237666333761,-0.9750485758765591
32.50000000000019,-3.487465316673852,1663.4866712190799,461.4982723286251,-0.1745,58.537165757182954,-11.30461056863085,0.165,-5.865237666333761,-0.9750485758765591
32.60000000000019,-3.486391145498972,1669.3426028276472,460.36765965703404,-0.1745,58.58146641416491,-11.307642863190294,0.165,-5.865237666333761,-0.9750485758765591
32.700000000000195,-3.4853275671414687,1675.2029564382221,459.2367441705436,-0.1745,58.62560579733648,-11.310666866618488,0.165,-5.865237666333761,-0.9750485758765591
32.800000000000196,-3.4842745159830364,1681.067715945151,458.10552669855156,-0.1745,58.66958434123821,-11.313682573222838,0.165,-5.865237666333761,-0.9750485758765591
32.9000000000002,-3.4832319269137093,1686.9368652862418,456.97400807100684,-0.1745,58.71340248058066,-11.31668997767206,0.165,-5.865237666333761,-0.9750485758765591
33.0000000000002,-3.4821997353272276,1692.8103884427824,455.84218911837365,-0.1745,58.75706065022957,-11.319689074992075,0.165,-5.865237666333761,-0.9750485758765591
33.1000000000002,-3.481177877116453,1698.6882694395533,454.71007067159593,-0.1745,58.80055928519115,-11.322679860561925,0.165,-5.865237666333761,-0.9750485758765591
33.2000000000002,-3.48016628866883,1704.5704923448427,453.5776535620623,-0.1745,58.84389882059752,-11.32566233010974,0.165,-5.865237666333761,-0.9750485758765591
33.3000000000002,-3.4791649068618966,1710.4570412704572,452.4449386215714,-0.1745,58.88707969169229,-11.328636479708726,0.165,-5.865237666333761,-0.9750485758765591
33.400000000000205,-3.478173669058841,1716.3479003717327,451.3119266822973,-0.1745,58.93010233381626,-11.331602305773197,0.165,-5.865237666333761,-0.9750485758765591
33.500000000000206,-3.477192513104104,1722.2430538475433,450.1786185767559,-0.1745,58.97296718239329,-11.33455980505464,0.165,-5.865237666333761,-0.9750485758765591
33.60000000000021,-3.4762213773190256,1728.1424859403087,449.0450151377713,-0.1745,59.015674672916305,-11.337508974637807,0.165,-5.865237666333761,-0.9750485758765591
33.70000000000021,-3.4752602004975386,1734.046180936001,447.9111171984426,-0.1745,59.058225240933425,-11.340449811936844,0.165,-5.865237666333761,-0.9750485758765591
33.80000000000021,-3.4743089219019097,1739.9541231641495,446.7769255921112,-0.1745,59.100619322034234,-11.343382314691462,0.165,-5.865237666333761,-0.9750485758765591
33.90000000000021,-3.473367481258516,1745.866296997843,445.64244115232844,-0.1745,59.142857351836184,-11.346306480963127,0.165,-5.865237666333761,-0.9750485758765591
34.00000000000021,-3.4724358187536737,1751.7826868537334,444.5076647128237,-0.1745,59.18493976597115,-11.349222309131296,0.165,-5.865237666333761,-0.9750485758765591
34.100000000000215,-3.4715138750295065,1757.7032771920356,443.3725971074727,-0.1745,59.226867000072104,-11.352129797889678,0.165,-5.865237666333761,-0.9750485758765591
34.200000000000216,-3.470601591179852,1763.628052516527,442.2372391702661,-0.1745,59.26863948975993,-11.355028946242527,0.165,-5.865237666333761,-0.9750485758765591
34.30000000000022,-3.4696989087462207,1769.5569973745467,441.10159173527893,-0.1745,59.31025767063036,-11.357919753500973,0.165,-5.865237666333761,-0.9750485758765591
34.40000000000022,-3.4688057697137853,1775.4900963569903,439.9656556366399,-0.1745,59.35172197824106,-11.360802219279378,0.165,-5.865237666333761,-0.9750485758765591
34.50000000000022,-3.46792211650742,1781.4273340983073,438.8294317085013,-0.1745,59.39303284809885,-11.363676343491738,0.165,-5.865237666333761,-0.9750485758765591
34.60000000000022,-3.4670478919877734,1787.3686952764945,437.69292078500933,-0.1745,59.43419071564701,-11.366542126348094,0.165,-5.865237666333761,-0.9750485758765591
34.70000000000022,-3.4661830394473867,1793.3141646130894,436.5561237002744,-0.1745,59.475196016252795,-11.369399568350989,0.165,-5.865237666333761,-0.9750485758765591
34.800000000000225,-3.46532750260685,1799.2637268731617,435.4190412883422,-0.1745,59.51604918519498,-11.372248670291963,0.165,-5.865237666333761,-0.9750485758765591
34.900000000000226,-3.4644812256109967,1805.217366865304,434.28167438316524,-0.1745,59.556750657651634,-11.37508943324806,0.165,-5.865237666333761,-0.9750485758765591
35.00000000000023,-3.4636441530251387,1811.175069441621,433.14402381857394,-0.1745,59.597300868687945,-11.377921858578382,0.165,-5.865237666333761,-0.9750485758765591
35.10000000000023,-3.4628162298313363,1817.1368194977176,432.00609042824897,-0.1745,59.637700253244205,-11.380745947920664,0.165,-5.865237666333761,-0.9750485758765591
35.20000000000023,-3.4619974014247115,1823.102601972686,430.86787504569355,-0.1745,59.67794924612391,-11.38356170318788,0.165,-5.865237666333761,-0.9750485758765591
35.30000000000023,-3.4611876136097948,1829.0724018490912,429.7293785042059,-0.1745,59.718048281982,-11.386369126564885,0.165,-5.865237666333761,-0.9750485758765591
35.40000000000023,-3.460386812596912,1835.0462041529559,428.5906016368524,-0.1745,59.75799779531321,-11.389168220505086,0.165,-5.865237666333761,-0.9750485758765591
35.500000000000234,-3.4595949449986034,1841.0239939537435,427.4515452764408,-0.1745,59.79779822044053,-11.391958987727133,0.165,-5.865237666333761,-0.9750485758765591
35.600000000000236,-3.458811957826084,1847.0057563643406,426.3122102554939,-0.1745,59.83744999150381,-11.394741431211648,0.165,-5.865237666333761,-0.9750485758765591
35.70000000000024,-3.4580377984857362,1852.9914765410383,425.1725974062234,-0.1745,59.87695354244851,-11.397515554197984,0.165,-5.865237666333761,-0.9750485758765591
35.80000000000024,-3.457272414775638,1858.9811396835114,424.0327075605045,-0.1745,59.91630930701449,-11.400281360181008,0.165,-5.865237666333761,-0.9750485758765591
35.90000000000024,-3.4565157548821324,1864.9747310347984,422.89254154985,-0.1745,59.955517718725,-11.403038852907917,0.165,-5.865237666333761,-0.9750485758765591
36.00000000000024,-3.455767767376421,1870.9722358812785,421.7521002053859,-0.1745,59.99457921087575,-11.405788036375077,0.165,-5.865237666333761,-0.9750485758765591
36.10000000000024,-3.4550284012112007,1876.9736395526486,420.6113843578259,-0.1745,60.03349421652411,-11.408528914824895,0.165,-5.865237666333761,-0.9750485758765591
36.200000000000244,-3.454297605717332,1882.9789274218988,419.47039483744754,-0.1745,60.07226316847843,-11.411261492742723,0.165,-5.865237666333761,-0.9750485758765591
36.300000000000246,-3.4535753306005343,1888.988084905287,418.3291324740677,-0.1745,60.110886499287446,-11.413985774853774,0.165,-5.865237666333761,-0.9750485758765591
36.40000000000025,-3.452861525938129,1895.0010974623128,417.187598097019,-0.1745,60.149364641229866,-11.416701766120088,0.165,-5.865237666333761,-0.9750485758765591
36.50000000000025,-3.452156142175795,1901.0179505956896,416.04579253512617,-0.1745,60.18769802630399,-11.419409471737502,0.165,-5.865237666333761,-0.9750485758765591
36.60000000000025,-3.4514591301243787,1907.0386298513156,414.9037166166827,-0.1745,60.225887086217526,-11.422108897132672,0.165,-5.865237666333761,-0.9750485758765591
36.70000000000025,-3.4507704409567204,1913.0631208182454,413.76137116942806,-0.1745,60.26393225237745,-11.424800047960096,0.165,-5.865237666333761,-0.9750485758765591
36.80000000000025,-3.4500900262045153,1919.0914091286581,412.6187570205251,-0.1745,60.30183395588002,-11.427482930099186,0.165,-5.865237666333761,-0.9750485758765591
36.900000000000254,-3.449417837755213,1925.123480457827,411.4758749965376,-0.1745,60.339592627500885,-11.430157549651359,0.165,-5.865237666333761,-0.9750485758765591
37.000000000000256,-3.4487538278489396,1931.1593205240863,410.33272592340813,-0.1745,60.37720869768531,-11.432823912937142,0.165,-5.865237666333761,-0.9750485758765591
37.10000000000026,-3.448097949075452,1937.1989150887975,409.1893106264366,-0.1745,60.414682596538526,-11.435482026493325,0.165,-5.865237666333761,-0.9750485758765591
37.20000000000026,-3.447450154371131,1943.2422499563154,408.04562993025843,-0.1745,60.452014753816165,-11.438131897070123,0.165,-5.865237666333761,-0.9750485758765591
37.30000000000026,-3.4468103970159882,1949.2893109739518,406.9016846588235,-0.1745,60.4892055989148,-11.440773531628377,0.165,-5.865237666333761,-0.9750485758765591
37.40000000000026,-3.4461786306307185,1955.3400840319407,405.7574756353753,-0.1745,60.52625556086264,-11.443406937336764,0.165,-5.865237666333761,-0.9750485758765591
37.50000000000026,-3.4455548091737755,1961.3945550633994,404.61300368242996,-0.1745,60.56316506831026,-11.446032121569049,0.165,-5.865237666333761,-0.9750485758765591
37.600000000000264,-3.444938886938471,1967.452710044291,403.46826962175646,-0.1745,60.59993454952153,-11.448649091901354,0.165,-5.865237666333761,-0.9750485758765591
37.700000000000266,-3.444330818550116,1973.5145349933853,402.3232742743559,-0.1745,60.63656443236453,-11.451257856109454,0.165,-5.865237666333761,-0.9750485758765591
37.80000000000027,-3.4437305589631713,1979.5800159722187,401.17801846044216,-0.1745,60.673055144302694,-11.453858422166096,0.165,-5.865237666333761,-0.9750485758765591
37.90000000000027,-3.4431380634584445,1985.649139085053,400.0325029994219,-0.1745,60.70940711238598,-11.456450798238347,0.165,-5.865237666333761,-0.9750485758765591
38.00000000000027,-3.4425532876403073,1991.7218904788344,398.88672870987574,-0.1745,60.74562076324217,-11.459034992684959,0.165,-5.865237666333761,-0.9750485758765591
38.10000000000027,-3.441976187433935,1997.79825634315,397.7406964095388,-0.1745,60.78169652306826,-11.461611014053767,0.165,-5.865237666333761,-0.9750485758765591
38.20000000000027,-3.441406719082582,2003.8782229101844,396.5944069152822,-0.1745,60.81763481762197,-11.464178871079104,0.165,-5.865237666333761,-0.9750485758765591
38.300000000000274,-3.4408448391448787,2009.961776454676,395.4478610430943,-0.1745,60.85343607221334,-11.466738572679246,0.165,-5.865237666333761,-0.9750485758765591
38.400000000000276,-3.440290504492159,2016.0489032938715,394.30105960806264,-0.1745,60.88910071169644,-11.469290127953872,0.165,-5.865237666333761,-0.9750485758765591
38.50000000000028,-3.439743672305806,2022.1395897874793,393.1540034243559,-0.1745,60.924629160461166,-11.471833546181562,0.165,-5.865237666333761,-0.9750485758765591
38.60000000000028,-3.4392043000746364,2028.2338223376237,392.00669330520594,-0.1745,60.96002184242514,-11.474368836817302,0.165,-5.865237666333761,-0.9750485758765591
38.70000000000028,-3.438672345592299,2034.3315873887962,390.8591300628906,-0.1745,60.99527918102573,-11.476896009490023,0.165,-5.865237666333761,-0.9750485758765591
38.80000000000028,-3.4381477669547023,2040.432871427808,389.7113145087161,-0.1745,61.03040159921212,-11.47941507400016,0.165,-5.865237666333761,-0.9750485758765591
38.90000000000028,-3.437630522557471,2046.5376609837406,388.56324745300026,-0.1745,61.06538951943753,-11.481926040317234,0.165,-5.865237666333761,-0.9750485758765591
39.000000000000284,-3.4371205710934216,2052.6459426278952,387.4149297050555,-0.1745,61.1002433636515,-11.484428918577452,0.165,-5.865237666333761,-0.9750485758765591
39.100000000000286,-3.436617871550067,2058.7577029737427,386.26636207317256,-0.1745,61.13496355329227,-11.48692371908134,0.165,-5.865237666333761,-0.9750485758765591
39.20000000000029,-3.4361223832071413,2064.872928676871,385.1175453646039,-0.1745,61.16955050927929,-11.489410452291388,0.165,-5.865237666333761,-0.9750485758765591
39.30000000000029,-3.435634065634157,2070.9916064349354,383.9684803855479,-0.1745,61.20400465200576,-11.491889128829722,0.165,-5.865237666333761,-0.9750485758765591
39.40000000000029,-3.4351528786879717,2077.113722987602,382.8191679411326,-0.1745,61.23832640133132,-11.494359759475802,0.165,-5.865237666333761,-0.9750485758765591
39.50000000000029,-3.4346787825103897,2083.2392651164973,381.6696088354006,-0.1745,61.27251617657483,-11.496822355164129,0.165,-5.865237666333761,-0.9750485758765591
39.60000000000029,-3.434211737525788,2089.3682196451514,380.5198038712933,-0.1745,61.30657439650721,-11.499276926981988,0.165,-5.865237666333761,-0.9750485758765591
39.700000000000294,-3.4337517044387544,2095.500573438944,379.36975385063585,-0.1745,61.34050147934437,-11.501723486167197,0.165,-5.865237666333761,-0.9750485758765591
39.800000000000296,-3.433298644231761,2101.636313405048,378.2194595741222,-0.1745,61.37429784274029,-11.504162044105902,0.165,-5.865237666333761,-0.9750485758765591
39.9000000000003,-3.432852518162849,2107.775426492374,377.0689218413004,-0.1745,61.40796390378013,-11.506592612330364,0.165,-5.865237666333761,-0.9750485758765591
40.0000000000003,-3.4324132877633433,2113.917899691512,375.91814145055804,-0.1745,61.441500078973434,-11.509015202516785,0.165,-5.865237666333761,-0.9750485758765591
40.1000000000003,-3.431980914835589,2120.063720034673,374.76711919910804,-0.1745,61.474906784247466,-11.511429826483152,0.165,-5.865237666333761,-0.9750485758765591
40.2000000000003,-3.4315553614507035,2126.2128745956325,373.61585588297453,-0.1745,61.50818443494059,-11.513836496187096,0.165,-5.865237666333761,-0.9750485758765591
40.3000000000003,-3.431136589946358,2132.3653504896693,372.464352296979,-0.1745,61.54133344579574,-11.516235223723777,0.165,-5.865237666333761,-0.9750485758765591
40.400000000000304,-3.4307245629245724,2138.5211348735065,371.3126092347266,-0.1745,61.57435423095404,-11.518626021323792,0.165,-5.865237666333761,-0.9750485758765591
40.500000000000306,-3.43031924324954,2144.6802149452515,370.16062748859287,-0.1745,61.607247203948404,-11.521008901351088,0.165,-5.865237666333761,-0.9750485758765591
40.60000000000031,-3.4299205940454653,2150.8425779443337,369.00840784971024,-0.1745,61.64001277769731,-11.523383876300919,0.165,-5.865237666333761,-0.9750485758765591
40.70000000000031,-3.429528578694427,2157.0082111514434,367.8559511079553,-0.1745,61.67265136449862,-11.5257509587978,0.165,-5.865237666333761,-0.9750485758765591
40.80000000000031,-3.429143160834258,2163.1771018884697,366.70325805193573,-0.1745,61.7051633760235,-11.528110161593498,0.165,-5.865237666333761,-0.9750485758765591
40.90000000000031,-3.428764304356451,2169.3492375184364,365.5503294689778,-0.1745,61.7375492233104,-11.53046149756502,0.165,-5.865237666333761,-0.9750485758765591
41.00000000000031,-3.4283919734040804,2175.52460544544,364.3971661451139,-0.1745,61.769809316759165,-11.53280497971265,0.165,-5.865237666333761,-0.9750485758765591
41.100000000000314,-3.428026132369739,2181.7031931145843,363.24376886507036,-0.1745,61.80194406612514,-11.53514062115799,0.165,-5.865237666333761,-0.9750485758765591
41.200000000000315,-3.427666745893508,2187.8849880119164,362.0901384122554,-0.1745,61.83395388051346,-11.537468435142008,0.165,-5.865237666333761,-0.9750485758765591
41.30000000000032,-3.427313778860933,2194.069977664361,360.93627556874713,-0.1745,61.86583916837337,-11.539788435023132,0.165,-5.865237666333761,-0.9750485758765591
41.40000000000032,-3.426967196401023,2200.258149639654,359.7821811152822,-0.1745,61.89760033749261,-11.542100634275334,0.165,-5.865237666333761,-0.9750485758765591
41.50000000000032,-3.4266269638842717,2206.4494915462783,358.6278558312441,-0.1745,61.92923779499191,-11.544405046486258,0.165,-5.865237666333761,-0.9750485758765591
41.60000000000032,-3.426293046920697,2212.643991033394,357.47330049465205,-0.1745,61.96075194731955,-11.546701685355346,0.165,-5.865237666333761,-0.9750485758765591
41.70000000000032,-3.4259654113578932,2218.841635790772,356.3185158821497,-0.1745,61.99214320024601,-11.548990564691998,0.165,-5.865237666333761,-0.9750485758765591
41.800000000000324,-3.4256440232791086,2225.0424135487274,355.1635027689944,-0.1745,62.02341195885868,-11.55127169841374,0.165,-5.865237666333761,-0.9750485758765591
41.900000000000325,-3.425328849001339,2231.246312078048,354.0082619290465,-0.1745,62.054558627556666,-11.55354510054441,0.165,-5.865237666333761,-0.9750485758765591
42.00000000000033,-3.4250198550734363,2237.453319189928,352.85279413475865,-0.1745,62.08558361004566,-11.555810785212376,0.165,-5.865237666333761,-0.9750485758765591
42.10000000000033,-3.424717008274238,2243.6634227358973,351.6971001571656,-0.1745,62.11648730933288,-11.558068766648752,0.165,-5.865237666333761,-0.9750485758765591
42.20000000000033,-3.4244202756107134,2249.87661060775,350.5411807658739,-0.1745,62.14727012772212,-11.56031905918564,0.165,-5.865237666333761,-0.9750485758765591
42.30000000000033,-3.4241296243161283,2256.0928707374765,349.3850367290519,-0.1745,62.17793246680884,-11.562561677254392,0.165,-5.865237666333761,-0.9750485758765591
42.40000000000033,-3.4238450218482246,2262.312191097191,348.22866881342,-0.1745,62.20847472747533,-11.56479663538389,0.165,-5.865237666333761,-0.9750485758765591
42.500000000000334,-3.4235664358874187,2268.5345596990587,347.07207778424083,-0.1745,62.23889730988596,-11.567023948198841,0.165,-5.865237666333761,-0.9750485758765591
42.600000000000335,-3.423293834335013,2274.7599645952273,345.91526440531,-0.1745,62.269200613482525,-11.569243630418077,0.165,-5.865237666333761,-0.9750485758765591
42.70000000000034,-3.4230271853114362,2280.9883938777502,344.75822943894644,-0.1745,62.29938503697962,-11.571455696852897,0.165,-5.865237666333761,-0.9750485758765591
42.80000000000034,-3.42276645715448,2287.219835678517,343.6009736459835,-0.1745,62.329450978360114,-11.573660162405405,0.165,-5.865237666333761,-0.9750485758765591
42.90000000000034,-3.42251161841757,2293.4542781691785,342.4434977857599,-0.1745,62.35939883487068,-11.575857042066872,0.165,-5.865237666333761,-0.9750485758765591
43.00000000000034,-3.422262637868047,2299.691709561073,341.28580261611074,-0.1745,62.38922900301741,-11.578046350916114,0.165,-5.865237666333761,-0.9750485758765591
43.10000000000034,-3.4220194844854586,2305.932118105152,340.12788889335906,-0.1745,62.4189418785615,-11.580228104117888,0.165,-5.865237666333761,-0.9750485758765591
43.200000000000344,-3.421782127459873,2312.1754920919057,338.9697573723071,-0.1745,62.448537856514974,-11.5824023169213,0.165,-5.865237666333761,-0.9750485758765591
43.300000000000345,-3.421550536190212,2318.421819851288,337.8114088062281,-0.1745,62.47801733113654,-11.584569004658233,0.165,-5.865237666333761,-0.9750485758765591
43.40000000000035,-3.4213246802825847,2324.6710897526414,336.65284394685807,-0.1745,62.50738069592745,-11.586728182741792,0.165,-5.865237666333761,-0.9750485758765591
43.50000000000035,-3.4211045295486557,2330.923290204619,335.49406354438776,-0.1745,62.536628343627456,-11.588879866664753,0.165,-5.865237666333761,-0.9750485758765591
43.60000000000035,-3.4208900540040137,2337.178409655111,334.33506834745464,-0.1745,62.565760666210835,-11.591024071998046,0.165,-5.865237666333761,-0.9750485758765591
43.70000000000035,-3.4206812238665596,2343.4364365911656,333.1758591031353,-0.1745,62.59477805488248,-11.593160814389242,0.165,-5.865237666333761,-0.9750485758765591
43.80000000000035,-3.4204780095549148,2349.6973595389136,332.0164365569378,-0.1745,62.62368090007406,-11.595290109561057,0.165,-5.865237666333761,-0.9750485758765591
43.900000000000354,-3.420280381686833,2355.9611670634895,330.85680145279423,-0.1745,62.65246959144024,-11.597411973309871,0.165,-5.865237666333761,-0.9750485758765591
44.000000000000355,-3.420088311077642,2362.2278477689542,329.69695453305354,-0.1745,62.681144517854925,-11.599526421504262,0.165,-5.865237666333761,-0.9750485758765591
44.10000000000036,-3.419901768738682,2368.4973902982174,328.53689653847414,-0.1745,62.70970606740769,-11.601633470083563,0.165,-5.865237666333761,-0.9750485758765591
44.20000000000036,-3.4197207258757722,2374.769783332958,327.37662820821714,-0.1745,62.738154627400114,-11.603733135056418,0.165,-5.865237666333761,-0.9750485758765591
44.30000000000036,-3.4195451538876878,2381.045015593545,326.2161502798393,-0.1745,62.76649058434232,-11.605825432499367,0.165,-5.865237666333761,-0.9750485758765591
44.40000000000036,-3.4193750243646437,2387.3230758389595,325.0554634892866,-0.1745,62.79471432394947,-11.607910378555442,0.165,-5.865237666333761,-0.9750485758765591
44.50000000000036,-3.419210309086804,2393.603952866714,323.89456857088715,-0.1745,62.82282623113841,-11.60998798943277,0.165,-5.865237666333761,-0.9750485758765591
44.600000000000364,-3.4190509800227966,2399.887635512772,322.73346625734536,-0.1745,62.85082669002428,-11.612058281403204,0.165,-5.865237666333761,-0.9750485758765591
44.700000000000365,-3.4188970093282434,2406.174112651469,321.57215727973517,-0.1745,62.878716083917304,-11.614121270800952,0.165,-5.865237666333761,-0.9750485758765591
44.80000000000037,-3.4187483693443053,2412.463373195431,320.41064236749406,-0.1745,62.90649479531953,-11.616176974021238,0.165,-5.865237666333761,-0.9750485758765591
44.90000000000037,-3.418605032596239,2418.755406095493,319.24892224841705,-0.1745,62.934163205921706,-11.61822540751896,0.165,-5.865237666333761,-0.9750485758765591
45.00000000000037,-3.4184669717919682,2425.050200340619,318.0869976486507,-0.1745,62.96172169660017,-11.620266587807372,0.165,-5.865237666333761,-0.9750485758765591
45.10000000000037,-3.418334159820665,2431.34774495782,316.9248692926875,-0.1745,62.98917064741382,-11.622300531456784,0.165,-5.865237666333761,-0.9750485758765591
45.20000000000037,-3.418206569751349,2437.6480290120708,315.76253790336,-0.1745,63.016510437601156,-11.62432725509326,0.165,-5.865237666333761,-0.9750485758765591
45.300000000000374,-3.4180841748314936,2443.95104160623,314.6000042018355,-0.1745,63.04374144557733,-11.626346775397344,0.165,-5.865237666333761,-0.9750485758765591
45.400000000000375,-3.41796694848565,2450.2567718809555,313.4372689076105,-0.1745,63.07086404893133,-11.628359109102794,0.165,-5.865237666333761,-0.9750485758765591
45.50000000000038,-3.4178548643140783,2456.565209014623,312.27433273850556,-0.1745,63.09787862442313,-11.630364272995328,0.165,-5.865237666333761,-0.9750485758765591
45.60000000000038,-3.4177478960913965,2462.8763422232432,311.1111964106602,-0.1745,63.12478554798101,-11.632362283911387,0.165,-5.865237666333761,-0.9750485758765591
45.70000000000038,-3.417646017765237,2469.1901607603772,309.9478606385278,-0.1745,63.15158519469881,-11.634353158736909,0.165,-5.865237666333761,-0.9750485758765591
45.80000000000038,-3.417549203454919,2475.506653917054,308.78432613487064,-0.1745,63.17827793883332,-11.636336914406112,0.165,-5.865237666333761,-0.9750485758765591
45.90000000000038,-3.4174574274501297,2481.8258110216857,307.6205936107553,-0.1745,63.2048641538017,-11.638313567900301,0.165,-5.865237666333761,-0.9750485758765591
46.000000000000384,-3.417370664209618,2488.1476214399845,306.45666377554795,-0.1745,63.23134421217897,-11.640283136246675,0.165,-5.865237666333761,-0.9750485758765591
46.100000000000385,-3.4172888883599035,2494.472074574878,305.2925373369098,-0.1745,63.25771848569552,-11.642245636517154,0.165,-5.865237666333761,-0.9750485758765591
46.20000000000039,-3.4172120746939916,2500.799159866425,304.1282150007926,-0.1745,63.28398734523472,-11.64420108582722,0.165,-5.865237666333761,-0.9750485758765591
46.30000000000039,-3.417140198170103,2507.128866791728,302.9636974714345,-0.1745,63.31015116083054,-11.646149501334763,0.165,-5.865237666333761,-0.9750485758765591
46.40000000000039,-3.4170732339104144,2513.461184864853,301.7989854513558,-0.1745,63.336210301665254,-11.648090900238946,0.165,-5.865237666333761,-0.9750485758765591
46.50000000000039,-3.417011157199811,2519.7961036367396,300.6340796413549,-0.1745,63.362165136067176,-11.650025299779083,0.165,-5.865237666333761,-0.9750485758765591
46.60000000000039,-3.423628460180912,2526.1336126951182,299.46898074050426,-0.1745,63.38801603150846,-11.651952717233517,0.165,-6.119259760346754,-1.0158391397345647
46.700000000000394,-3.427871561747757,2532.4734889236056,298.30263479801437,-0.1745,63.40950853823744,-11.674966132564618,0.165,-6.119259760346754,-1.0158391397345647
46.800000000000395,-3.430591838024077,2538.8155679995502,297.13436646790524,-0.1745,63.43207298065359,-11.690400469617694,0.165,-6.119259760346754,-1.0158391397345647
46.9000000000004,-3.4323361563666155,2545.1599361525878,295.96479825724407,-0.1745,63.45529008009821,-11.700963743605303,0.165,-6.119259760346754,-1.0158391397345647
47.0000000000004,-3.433455707107166,2551.506645201808,294.79433025703975,-0.1745,63.47889090430799,-11.708396260480923,0.165,-6.119259760346754,-1.0158391397345647
47.1000000000004,-3.4341759688403277,2557.8557248944667,293.6232196367023,-0.1745,63.50270294886132,-11.713816146267817,0.165,-6.119259760346754,-1.0158391397345647
47.2000000000004,-3.4346416754109272,2564.20719082159,292.4516317484857,-0.1745,63.52661559359928,-11.717941618064776,0.165,-6.119259760346754,-1.0158391397345647
47.3000000000004,-3.43494570937482,2570.5610494985985,291.27967297177986,-0.1745,63.55055794657308,-11.721233916051238,0.165,-6.119259760346754,-1.0158391397345647
47.400000000000404,-3.435147663234923,2576.9173016271193,290.1074118165246,-0.1745,63.574484623837414,-11.723989189054226,0.165,-6.119259760346754,-1.0158391397345647
47.500000000000405,-3.4352857606530627,2583.2759441892804,288.934892479632,-0.1745,63.59836661938239,-11.72639754879676,0.165,-6.119259760346754,-1.0158391397345647
47.600000000000406,-3.435384511414891,2589.6369717923626,287.7621435514634,-0.1745,63.6221854422594,-11.728581014576024,0.165,-6.119259760346754,-1.0158391397345647
47.70000000000041,-3.4354596259079546,2596.0003775320565,286.589183606298,-0.1745,63.64592935162209,-11.730617888732567,0.165,-6.119259760346754,-1.0158391397345647
47.80000000000041,-3.4355211695776533,2602.366153546593,285.4160247912631,-0.1745,63.66959093910835,-11.732558411964787,0.165,-6.119259760346754,-1.0158391397345647
47.90000000000041,-3.4355755872765714,2608.7342913723764,284.2426751298663,-0.1745,63.693165576559934,-11.734434815970678,0.165,-6.119259760346754,-1.0158391397345647
48.00000000000041,-3.435627002120949,2615.1047821721786,283.06914000020936,-0.1745,63.716650419485475,-11.7362677771689,0.165,-6.119259760346754,-1.0158391397345647
48.10000000000041,-3.4356780486962717,2621.477616881523,281.8954230833954,-0.1745,63.74004376740194,-11.738070559109328,0.165,-6.119259760346754,-1.0158391397345647
48.200000000000415,-3.4357304074480917,2627.852786302559,280.72152697189944,-0.1745,63.7633446533197,-11.739851670810124,0.165,-6.119259760346754,-1.0158391397345647
48.300000000000416,-3.4357851473566936,2634.230281164241,279.5474535597402,-0.1745,63.786552580332625,-11.741616572375351,0.165,-6.119259760346754,-1.0158391397345647
48.40000000000042,-3.4358429456327615,2640.6100921608895,278.3732042926652,-0.1745,63.809667352630235,-11.74336876912418,0.165,-6.119259760346754,-1.0158391397345647
48.50000000000042,-3.4359042285417325,2646.9922099768764,277.19878032854285,-0.1745,63.83268896710546,-11.745110513322961,0.165,-6.119259760346754,-1.0158391397345647
48.60000000000042,-3.435969261654562,2653.3766253024237,276.0241826401686,-0.1745,63.85561754384268,-11.746843254162158,0.165,-6.119259760346754,-1.0158391397345647
48.70000000000042,-3.436038207676093,2659.763328843693,274.84941208114833,-0.1745,63.87845328154806,-11.748567926242984,0.165,-6.119259760346754,-1.0158391397345647
48.80000000000042,-3.4361111634916024,2666.1523113292196,273.6744694281114,-0.1745,63.90119642897771,-11.750285134494895,0.165,-6.119259760346754,-1.0158391397345647
48.900000000000425,-3.4361881838953323,2672.5435635139997,272.4993554077525,-0.1745,63.9238472666248,-11.751995272683498,0.165,-6.119259760346754,-1.0158391397345647
49.000000000000426,-3.436269296785796,2678.93707618208,271.3240707141511,-0.1745,63.94640609498419,-11.753698599344128,0.165,-6.119259760346754,-1.0158391397345647
49.10000000000043,-3.436354512894631,2685.332840148181,270.1486160198626,-0.1745,63.968873227033534,-11.755395286426792,0.165,-6.119259760346754,-1.0158391397345647
49.20000000000043,-3.4364438320142727,2691.7308462587034,268.9729919830186,-0.1745,63.99124898341662,-11.757085450453378,0.165,-6.119259760346754,-1.0158391397345647
49.30000000000043,-3.436537246983578,2698.1310853923424,267.79719925187237,-0.1745,64.01353368935837,-11.758769172470107,0.165,-6.119259760346754,-1.0158391397345647
49.40000000000043,-3.4366347462379987,2704.5335484604448,266.62123846770777,-0.1745,64.03572767268926,-11.76044651082221,0.165,-6.119259760346754,-1.0158391397345647
49.50000000000043,-3.4367363154408586,2710.9382264072083,265.4451102667001,-0.1745,64.05783126258034,-11.76211750933138,0.165,-6.119259760346754,-1.0158391397345647
49.600000000000435,-3.43684193852656,2717.345110209774,264.2688152811071,-0.1745,64.07984478873335,-11.76378220252936,0.165,-6.119259760346754,-1.0158391397345647
49.700000000000436,-3.4369515983674646,2723.7541908782537,263.0923541400303,-0.1745,64.10176858086234,-11.765440619006721,0.165,-6.119259760346754,-1.0158391397345647
49.80000000000044,-3.437065277200028,2730.165459455715,261.9157274699022,-0.1745,64.12360296836178,-11.76709278355518,0.165,-6.119259760346754,-1.0158391397345647
49.90000000000044,-3.4371829568969314,2736.5789070181377,260.7389358947976,-0.1745,64.14534828009415,-11.768738718537737,0.165,-6.119259760346754,-1.0158391397345647
50.00000000000044,-3.437304619140738,2742.994524674355,259.56198003663246,-0.1745,64.167004844254,-11.770378444764729,0.165,-6.119259760346754,-1.0158391397345647
50.10000000000044,-3.437430245534569,2749.412303565982,258.38486051529156,-0.1745,64.18857298828081,-11.772011982053796,0.165,-6.119259760346754,-1.0158391397345647
50.20000000000044,-3.437559817672524,2755.832234867336,257.2075779487095,-0.1745,64.21005303880337,-11.77363934958764,0.165,-6.119259760346754,-1.0158391397345647
50.300000000000445,-3.4376933171843813,2762.2543097853563,256.030132952923,-0.1745,64.23144532160394,-11.775260566142487,0.165,-6.119259760346754,-1.0158391397345647
50.400000000000446,-3.4378307257638463,2768.678519559516,254.85252614210418,-0.1745,64.25275016159549,-11.776875650233873,0.165,-6.119259760346754,-1.0158391397345647
50.50000000000045,-3.437972025186305,2775.1048554617364,253.674758128582,-0.1745,64.2739678828069,-11.778484620209571,0.165,-6.119259760346754,-1.0158391397345647
50.60000000000045,-3.4381171973198676,2781.5333087962954,252.49682952285607,-0.1745,64.29509880837368,-11.780087494308747,0.165,-6.119259760346754,-1.0158391397345647
50.70000000000045,-3.4382662241321347,2787.963870899741,251.31874093360565,-0.1745,64.31614326053183,-11.781684290699516,0.165,-6.119259760346754,-1.0158391397345647
50.80000000000045,-3.438419087694222,2794.396533140798,250.14049296769554,-0.1745,64.33710156061402,-11.783275027502725,0.165,-6.119259760346754,-1.0158391397345647
50.90000000000045,-3.438575770183056,2800.831286920281,248.96208623018006,-0.1745,64.35797402904704,-11.784859722806916,0.165,-6.119259760346754,-1.0158391397345647
51.000000000000455,-3.4387362538825457,2807.268123671001,247.78352132430584,-0.1745,64.37876098535034,-11.786438394677672,0.165,-6.119259760346754,-1.0158391397345647
51.100000000000456,-3.4389005211840624,2813.7070348576754,246.60479885151378,-0.1745,64.39946274813494,-11.788011061163381,0.165,-6.119259760346754,-1.0158391397345647
51.20000000000046,-3.439068554586462,2820.148011976837,245.42591941144067,-0.1745,64.42007963510285,-11.789577740298698,0.165,-6.119259760346754,-1.0158391397345647
51.30000000000046,-3.4392403366958235,2826.5910465567445,244.24688360192042,-0.1745,64.44061196304676,-11.791138450106565,0.165,-6.119259760346754,-1.0158391397345647
51.40000000000046,-3.4394158502250143,2833.0361301572893,243.06769201898513,-0.1745,64.4610600478498,-11.792693208599285,0.165,-6.119259760346754,-1.0158391397345647
51.50000000000046,-3.4395950779931423,2839.4832543699063,241.88834525686622,-0.1745,64.48142420448555,-11.79424203377902,0.165,-6.119259760346754,-1.0158391397345647
51.60000000000046,-3.4397780029249345,2845.9324108174815,240.70884390799537,-0.1745,64.50170474701802,-11.795784943637914,0.165,-6.119259760346754,-1.0158391397345647
51.700000000000465,-3.439964608050077,2852.3835911542624,239.5291885630056,-0.1745,64.5219019886018,-11.797321956157973,0.165,-6.119259760346754,-1.0158391397345647
51.800000000000466,-3.4401548765025325,2858.8367870657667,238.34937981073216,-0.1745,64.54201624148216,-11.7988530893108,0.165,-6.119259760346754,-1.0158391397345647
51.90000000000047,-3.440348791519839,2865.2919902686904,237.16941823821375,-0.1745,64.56204781699529,-11.800378361057241,0.165,-6.119259760346754,-1.0158391397345647
52.00000000000047,-3.440546336442411,2871.7491925108184,235.98930443069355,-0.1745,64.58199702556853,-11.801897789346976,0.165,-6.119259760346754,-1.0158391397345647
52.10000000000047,-3.4407474947128263,2878.208385570933,234.8090389716203,-0.1745,64.60186417672058,-11.803411392118063,0.165,-6.119259760346754,-1.0158391397345647
52.20000000000047,-3.4409522498751253,2884.669561258722,233.62862244264957,-0.1745,64.62164957906187,-11.804919187296484,0.165,-6.119259760346754,-1.0158391397345647
52.30000000000047,-3.44116058557411,2891.1327114146898,232.44805542364497,-0.1745,64.64135354029482,-11.80642119279567,0.165,-6.119259760346754,-1.0158391397345647
52.400000000000475,-3.4413724855546364,2897.597827910065,231.2673384926794,-0.1745,64.66097636721425,-11.807917426516017,0.165,-6.119259760346754,-1.0158391397345647
52.500000000000476,-3.44158793366093,2904.0649026467113,230.08647222603636,-0.1745,64.68051836570771,-11.809407906344413,0.165,-6.119259760346754,-1.0158391397345647
52.60000000000048,-3.44180691383589,2910.5339275570345,228.90545719821145,-0.1745,64.69997984075592,-11.810892650153761,0.165,-6.119259760346754,-1.0158391397345647
52.70000000000048,-3.4420294101204076,2917.004894603894,227.72429398191363,-0.1745,64.71936109643316,-11.812371675802503,0.165,-6.119259760346754,-1.0158391397345647
52.80000000000048,-3.442255406652685,2923.4777957805113,226.5429831480668,-0.1745,64.73866243590778,-11.813845001134162,0.165,-6.119259760346754,-1.0158391397345647
52.90000000000048,-3.442484887667562,2929.9526231103787,225.36152526581125,-0.1745,64.75788416144265,-11.815312643976872,0.165,-6.119259760346754,-1.0158391397345647
53.00000000000048,-3.442717837495847,2936.4293686471706,224.17992090250527,-0.1745,64.77702657439565,-11.816774622142926,0.165,-6.119259760346754,-1.0158391397345647
53.100000000000485,-3.442954240563658,2942.9080244746515,222.9981706237267,-0.1745,64.79608997522024,-11.818230953428321,0.165,-6.119259760346754,-1.0158391397345647
53.200000000000486,-3.4431940813917588,2949.388582706586,221.81627499327467,-0.1745,64.81507466346598,-11.81968165561232,0.165,-6.119259760346754,-1.0158391397345647
53.30000000000049,-3.4434373445949102,2955.8710354866485,220.6342345731712,-0.1745,64.83398093777912,-11.821126746457002,0.165,-6.119259760346754,-1.0158391397345647
53.40000000000049,-3.4436840148812204,2962.3553749883326,219.452049923663,-0.1745,64.85280909590318,-11.822566243706845,0.165,-6.119259760346754,-1.0158391397345647
53.50000000000049,-3.443934077051507,2968.8415934148616,218.26972160322325,-0.1745,64.87155943467963,-11.824000165088282,0.165,-6.119259760346754,-1.0158391397345647
53.60000000000049,-3.4441875159986557,2975.329682999098,217.08725016855337,-0.1745,64.89023225004844,-11.825428528309292,0.165,-6.119259760346754,-1.0158391397345647
53.70000000000049,-3.444444316706991,2981.819636003453,215.90463617458497,-0.1745,64.90882783704885,-11.826851351058977,0.165,-6.119259760346754,-1.0158391397345647
53.800000000000495,-3.4447044642516507,2988.3114447197963,214.72188017448167,-0.1745,64.92734648981998,-11.828268651007157,0.165,-6.119259760346754,-1.0158391397345647
53.900000000000496,-3.444967943797961,2994.8051014693674,213.53898271964113,-0.1745,64.9457885016016,-11.829680445803966,0.165,-6.119259760346754,-1.0158391397345647
54.0000000000005,-3.445234740600824,3001.300598602684,212.35594435969696,-0.1745,64.96415416473482,-11.83108675307945,0.165,-6.119259760346754,-1.0158391397345647
54.1000000000005,-3.445504840004104,3007.797928499454,211.17276564252083,-0.1745,64.98244377066288,-11.832487590443176,0.165,-6.119259760346754,-1.0158391397345647
54.2000000000005,-3.4457782274400204,3014.2970835684837,209.98944711422448,-0.1745,65.00065760993189,-11.83388297548385,0.165,-6.119259760346754,-1.0158391397345647
54.3000000000005,-3.446054888428548,3020.79805624759,208.80598931916182,-0.1745,65.01879597219165,-11.835272925768924,0.165,-6.119259760346754,-1.0158391397345647
54.4000000000005,-3.4463348085768204,3027.3008390035093,207.62239279993116,-0.1745,65.03685914619646,-11.836657458844234,0.165,-6.119259760346754,-1.0158391397345647
54.500000000000504,-3.4466179735785345,3033.8054243318093,206.43865809737727,-0.1745,65.05484741980597,-11.838036592233621,0.165,-6.119259760346754,-1.0158391397345647
54.600000000000506,-3.4469043692133643,3040.3118047567987,205.25478575059367,-0.1745,65.07276107998601,-11.839410343438564,0.165,-6.119259760346754,-1.0158391397345647
54.70000000000051,-3.4471939813463837,3046.8199728314385,204.07077629692486,-0.1745,65.0906004128095,-11.840778729937824,0.165,-6.119259760346754,-1.0158391397345647
54.80000000000051,-3.4474867959274826,3053.329921137252,202.8866302719686,-0.1745,65.1083657034573,-11.84214176918709,0.165,-6.119259760346754,-1.0158391397345647
54.90000000000051,-3.4477827989907905,3059.8416422842356,201.70234820957833,-0.1745,65.12605723621918,-11.843499478618632,0.165,-6.119259760346754,-1.0158391397345647
55.00000000000051,-3.4480819766541204,3066.3551289107713,200.51793064186535,-0.1745,65.14367529449476,-11.844851875640945,0.165,-6.119259760346754,-1.0158391397345647
55.10000000000051,-3.44838431511839,3072.870373683536,199.33337809920138,-0.1745,65.16122016079436,-11.846198977638423,0.165,-6.119259760346754,-1.0158391397345647
55.200000000000514,-3.448689800667072,3079.3873692974125,198.1486911102209,-0.1745,65.17869211674011,-11.847540801971016,0.165,-6.119259760346754,-1.0158391397345647
55.300000000000516,-3.448998419665634,3085.906108475403,196.96387020182365,-0.1745,65.19609144306686,-11.84887736597391,0.165,-6.119259760346754,-1.0158391397345647
55.40000000000052,-3.4493101585609898,3092.4265839685377,195.7789158991771,-0.1745,65.2134184196232,-11.850208686957194,0.165,-6.119259760346754,-1.0158391397345647
55.50000000000052,-3.449625003880949,3098.9487885557874,194.59382872571896,-0.1745,65.23067332537248,-11.851534782205542,0.165,-6.119259760346754,-1.0158391397345647
55.60000000000052,-3.449942942233682,3105.4727150439758,193.40860920315978,-0.1745,65.2478564383939,-11.852855668977902,0.165,-6.119259760346754,-1.0158391397345647
55.70000000000052,-3.4502639603071743,3111.99835626769,192.22325785148553,-0.1745,65.26496803588351,-11.85417136450719,0.165,-6.119259760346754,-1.0158391397345647
55.80000000000052,-3.4505880448686996,3118.525705089192,191.03777518896018,-0.1745,65.28200839415534,-11.855481885999973,0.165,-6.119259760346754,-1.0158391397345647
55.900000000000524,-3.450915182764283,3125.0547543983316,189.85216173212837,-0.1745,65.29897778864245,-11.85678725063618,0.165,-6.119259760346754,-1.0158391397345647
56.000000000000526,-3.4512453609181826,3131.5854971124586,188.6664179958181,-0.1745,65.31587649389807,-11.858087475568805,0.165,-6.119259760346754,-1.0158391397345647
56.10000000000053,-3.4515785663323637,3138.117926176333,187.4805444931435,-0.1745,65.33270478359677,-11.85938257792361,0.165,-6.119259760346754,-1.0158391397345647
56.20000000000053,-3.451914786085986,3144.6520345620397,186.29454173550738,-0.1745,65.34946293053548,-11.860672574798844,0.165,-6.119259760346754,-1.0158391397345647
56.30000000000053,-3.452254007334885,3151.1878152688982,185.1084102326042,-0.1745,65.3661512066348,-11.861957483264968,0.165,-6.119259760346754,-1.0158391397345647
56.40000000000053,-3.4525962173110685,3157.725261323377,183.92215049242273,-0.1745,65.38276988294005,-11.863237320364359,0.165,-6.119259760346754,-1.0158391397345647
56.50000000000053,-3.452941403322207,3164.264365779005,182.73576302124897,-0.1745,65.39931922962258,-11.864512103111057,0.165,-6.119259760346754,-1.0158391397345647
56.600000000000534,-3.453289552751136,3170.805121716285,181.5492483236689,-0.1745,65.41579951598086,-11.865781848490483,0.165,-6.119259760346754,-1.0158391397345647
56.700000000000536,-3.4536406530553574,3177.3475222426064,180.36260690257143,-0.1745,65.43221101044182,-11.867046573459186,0.165,-6.119259760346754,-1.0158391397345647
56.80000000000054,-3.4539946917665487,3183.8915604921567,179.17583925915125,-0.1745,65.44855398056198,-11.868306294944574,0.165,-6.119259760346754,-1.0158391397345647
56.90000000000054,-3.4543516564900663,3190.437229625836,177.98894589291177,-0.1745,65.46482869302878,-11.869561029844666,0.165,-6.119259760346754,-1.0158391397345647
57.00000000000054,-3.4547115349044693,3196.9845228311706,176.80192730166814,-0.1745,65.4810354136618,-11.870810795027836,0.165,-6.119259760346754,-1.0158391397345647
57.10000000000054,-3.455074314761032,3203.5334333222245,175.61478398155012,-0.1745,65.49717440741408,-11.872055607332568,0.165,-6.119259760346754,-1.0158391397345647
57.20000000000054,-3.455439983883266,3210.0839543395136,174.42751642700512,-0.1745,65.51324593837339,-11.873295483567212,0.165,-6.119259760346754,-1.0158391397345647
57.300000000000544,-3.4558085301664483,3216.6360791499205,173.24012513080126,-0.1745,65.52925026976354,-11.874530440509748,0.165,-6.119259760346754,-1.0158391397345647
57.400000000000546,-3.45617994157715,3223.189801046606,172.0526105840304,-0.1745,65.54518766394573,-11.875760494907551,0.165,-6.119259760346754,-1.0158391397345647
57.50000000000055,-3.456554206152766,3229.7451133489244,170.86497327611116,-0.1745,65.56105838241984,-11.876985663477159,0.165,-6.119259760346754,-1.0158391397345647
57.60000000000055,-3.456931312001055,3236.302009402337,169.6772136947921,-0.1745,65.57686268582584,-11.878205962904046,0.165,-6.119259760346754,-1.0158391397345647
57.70000000000055,-3.4573112472996814,3242.8604825783254,168.48933232615477,-0.1745,65.5926008339451,-11.879421409842399,0.165,-6.119259760346754,-1.0158391397345647
57.80000000000055,-3.4576940002957524,3249.4205262743076,167.3013296546169,-0.1745,65.60827308570178,-11.880632020914906,0.165,-6.119259760346754,-1.0158391397345647
57.90000000000055,-3.4580795593053693,3255.982133913551,166.1132061629355,-0.1745,65.62387969916426,-11.881837812712531,0.165,-6.119259760346754,-1.0158391397345647
58.000000000000554,-3.4584679127131817,3262.5452989450864,164.92496233221016,-0.1745,65.63942093154648,-11.88303880179431,0.165,-6.119259760346754,-1.0158391397345647
58.100000000000556,-3.458859048971932,3269.1100148436244,163.73659864188608,-0.1745,65.6548970392094,-11.884235004687142,0.165,-6.119259760346754,-1.0158391397345647
58.20000000000056,-3.459252956602024,3275.676275109468,162.54811556975744,-0.1745,65.6703082776624,-11.885426437885581,0.165,-6.119259760346754,-1.0158391397345647
58.30000000000056,-3.4596496241910764,3282.2440732684295,161.35951359197057,-0.1745,65.68565490156473,-11.886613117851647,0.165,-6.119259760346754,-1.0158391397345647
58.40000000000056,-3.4600490403934883,3288.813402871744,160.17079318302726,-0.1745,65.70093716472697,-11.88779506101462,0.165,-6.119259760346754,-1.0158391397345647
58.50000000000056,-3.4604511939300093,3295.384257495986,158.981954815788,-0.1745,65.71615532011246,-11.88897228377085,0.165,-6.119259760346754,-1.0158391397345647
58.60000000000056,-3.4608560735873066,3301.956630742983,157.79299896147526,-0.1745,65.73130961983883,-11.89014480248357,0.165,-6.119259760346754,-1.0158391397345647
58.700000000000564,-3.4612636682175473,3308.530516239734,156.60392608967695,-0.1745,65.7464003151794,-11.891312633482713,0.165,-6.119259760346754,-1.0158391397345647
58.800000000000566,-3.461673966737964,3315.1059076383212,155.41473666834958,-0.1745,65.76142765656476,-11.892475793064722,0.165,-6.119259760346754,-1.0158391397345647
58.90000000000057,-3.4620869581304436,3321.6827986158287,154.22543116382172,-0.1745,65.77639189358423,-11.89363429749238,0.165,-6.119259760346754,-1.0158391397345647
59.00000000000057,-3.46250263144111,3328.2611828742574,153.03601004079738,-0.1745,65.79129327498738,-11.894788162994628,0.165,-6.119259760346754,-1.0158391397345647
59.10000000000057,-3.46292097577991,3334.841054140441,151.84647376235932,-0.1745,65.80613204868558,-11.8959374057664,0.165,-6.119259760346754,-1.0158391397345647
59.20000000000057,-3.4633419803202026,3341.422406165963,150.65682278997258,-0.1745,65.82090846175352,-11.897082041968455,0.165,-6.119259760346754,-1.0158391397345647
59.30000000000057,-3.463765634298354,3348.0052327270723,149.4670575834878,-0.1745,65.83562276043075,-11.898222087727204,0.165,-6.119259760346754,-1.0158391397345647
59.400000000000574,-3.4641919270133337,3354.5895276246,148.2771786011447,-0.1745,65.85027519012328,-11.899357559134558,0.165,-6.119259760346754,-1.0158391397345647
59.500000000000576,-3.4646208478263145,3361.1752846838767,147.0871862995756,-0.1745,65.8648659954051,-11.900488472247764,0.165,-6.119259760346754,-1.0158391397345647
59.60000000000058,-3.4650523861602722,3367.762497754648,145.89708113380874,-0.1745,65.87939542001976,-11.901614843089254,0.165,-6.119259760346754,-1.0158391397345647
59.70000000000058,-3.465486531499593,3374.351160710993,144.70686355727196,-0.1745,65.89386370688202,-11.902736687646492,0.165,-6.119259760346754,-1.0158391397345647
59.80000000000058,-3.465923273389682,3380.941267451241,143.51653402179605,-0.1745,65.90827109807937,-11.90385402187182,0.165,-6.119259760346754,-1.0158391397345647
59.90000000000058,-3.4663626014365754,3387.5328118978887,142.32609297761834,-0.1745,65.92261783487369,-11.904966861682324,0.165,-6.119259760346754,-1.0158391397345647
60.00000000000058,-3.4668045053065506,3394.1257879975174,141.13554087338625,-0.1745,65.93690415770283,-11.906075222959679,0.165,-6.119259760346754,-1.0158391397345647
60.100000000000584,-3.4672489747257487,3400.7201897207115,139.94487815616077,-0.1745,65.95113030618226,-11.90717912155002,0.165,-6.119259760346754,-1.0158391397345647
60.200000000000585,-3.4676959994797913,3407.316011061976,138.7541052714201,-0.1745,65.9652965191067,-11.908278573263798,0.165,-6.119259760346754,-1.0158391397345647
60.30000000000059,-3.468145569413405,3413.913246039654,137.5632226630631,-0.1745,65.97940303445174,-11.909373593875658,0.165,-6.119259760346754,-1.0158391397345647
60.40000000000059,-3.4685976744300446,3420.5118886958453,136.3722307734131,-0.1745,65.9934500893755,-11.910464199124293,0.165,-6.119259760346754,-1.0158391397345647
60.50000000000059,-3.469052304491525,3427.111933096325,135.18113004322126,-0.1745,66.00743792022033,-11.91155040471233,0.165,-6.119259760346754,-1.0158391397345647
60.60000000000059,-3.469509449617649,3433.7133733304618,133.98992091167034,-0.1745,66.02136676251439,-11.912632226306197,0.165,-6.119259760346754,-1.0158391397345647
60.70000000000059,-3.4699690998858443,3440.3162035111363,132.79860381637823,-0.1745,66.03523685097343,-11.913709679536009,0.165,-6.119259760346754,-1.0158391397345647
60.800000000000594,-3.470431245430799,3446.92041777466,131.60717919340166,-0.1745,66.04904841950238,-11.914782779995441,0.165,-6.119259760346754,-1.0158391397345647
60.900000000000595,-3.4708958764441,3453.526010280695,130.41564747723982,-0.1745,66.0628017011971,-11.915851543241624,0.165,-6.119259760346754,-1.0158391397345647
61.0000000000006,-3.471362983173878,3460.1329752121724,129.22400910083797,-0.1745,66.07649692834605,-11.916915984795017,0.165,-6.119259760346754,-1.0158391397345647
61.1000000000006,-3.471832555924448,3466.7413067752113,128.03226449559125,-0.1745,66.09013433243199,-11.917976120139308,0.165,-6.119259760346754,-1.0158391397345647
61.2000000000006,-3.472304585055959,3473.3509991990395,126.84041409134822,-0.1745,66.10371414413372,-11.919031964721302,0.165,-6.119259760346754,-1.0158391397345647
61.3000000000006,-3.472779060984049,3479.9620467359127,125.64845831641462,-0.1745,66.11723659332779,-11.920083533950818,0.165,-6.119259760346754,-1.0158391397345647
61.4000000000006,-3.4732559741794855,3486.5744436610335,124.45639759755704,-0.1745,66.1307019090902,-11.921130843200586,0.165,-6.119259760346754,-1.0158391397345647
61.500000000000604,-3.4737353151678323,3493.188184272473,123.2642323600067,-0.1745,66.1441103196982,-11.922173907806146,0.165,-6.119259760346754,-1.0158391397345647
61.600000000000605,-3.4742170745291023,3499.8032628910896,122.07196302746311,-0.1745,66.15746205263194,-11.92321274306575,0.165,-6.119259760346754,-1.0158391397345647
61.70000000000061,-3.4747012428974178,3506.41967386045,120.87959002209782,-0.1745,66.17075733457628,-11.924247364240276,0.165,-6.119259760346754,-1.0158391397345647
61.80000000000061,-3.4751878109606733,3513.03741154675,119.68711376455815,-0.1745,66.18399639142253,-11.925277786553126,0.165,-6.119259760346754,-1.0158391397345647
61.90000000000061,-3.4756767694602013,3519.6564703387344,118.49453467397099,-0.1745,66.19717944827019,-11.926304025190142,0.165,-6.119259760346754,-1.0158391397345647
62.00000000000061,-3.476168109190441,3526.2768446476193,117.3018531679465,-0.1745,66.21030672942877,-11.927326095299515,0.165,-6.119259760346754,-1.0158391397345647
62.10000000000061,-3.476661820998605,3532.898528907012,116.10906966258194,-0.1745,66.22337845841948,-11.928344011991706,0.165,-6.119259760346754,-1.0158391397345647
62.200000000000614,-3.4771578957843556,3539.5215175728317,114.9161845724654,-0.1745,66.23639485797707,-11.929357790339365,0.165,-6.119259760346754,-1.0158391397345647
62.300000000000615,-3.4776563244994785,3546.145805123233,113.72319831067956,-0.1745,66.24935615005163,-11.930367445377243,0.165,-6.119259760346754,-1.0158391397345647
62.40000000000062,-3.478157098147558,3552.771386058526,112.5301112888056,-0.1745,66.26226255581027,-11.931372992102125,0.165,-6.119259760346754,-1.0158391397345647
62.50000000000062,-3.4786602077836593,3559.3982549010984,111.33692391692685,-0.1745,66.27511429563906,-11.932374445472744,0.165,-6.119259760346754,-1.0158391397345647
62.60000000000062,-3.4791656445140093,3566.0264061953376,110.14363660363273,-0.1745,66.28791158914473,-11.933371820409722,0.165,-6.119259760346754,-1.0158391397345647
62.70000000000062,-3.479673399495682,3572.6558345075528,108.95024975602247,-0.1745,66.3006546551565,-11.934365131795486,0.165,-6.119259760346754,-1.0158391397345647
62.80000000000062,-3.480183463936284,3579.286534425897,107.75676377970899,-0.1745,66.31334371172794,-11.935354394474215,0.165,-6.119259760346754,-1.0158391397345647
62.900000000000624,-3.480695829093643,3585.9185005602903,106.56317907882269,-0.1745,66.32597897613869,-11.936339623251763,0.165,-6.119259760346754,-1.0158391397345647
63.000000000000625,-3.481210486275501,3592.551727542342,105.36949605601532,-0.1745,66.33856066489636,-11.937320832895598,0.165,-6.119259760346754,-1.0158391397345647
63.10000000000063,-3.4817274268392056,3599.186210025274,104.1757151124638,-0.1745,66.35108899373833,-11.938298038134743,0.165,-6.119259760346754,-1.0158391397345647
63.20000000000063,-3.482246642191406,3605.8219426838423,102.98183664787408,-0.1745,66.36356417763358,-11.939271253659717,0.165,-6.119259760346754,-1.0158391397345647
63.30000000000063,-3.482768123787752,3612.4589202142633,101.78786106048497,-0.1745,66.37598643078451,-11.940240494122477,0.165,-6.119259760346754,-1.0158391397345647
63.40000000000063,-3.4832918631325933,3619.097137334134,100.59378874707203,-0.1745,66.38835596662881,-11.941205774136368,0.165,-6.119259760346754,-1.0158391397345647
63.50000000000063,-3.4838178517786798,3625.7365887823576,99.3996201029514,-0.1745,66.40067299784128,-11.942167108276056,0.165,-6.119259760346754,-1.0158391397345647
63.600000000000634,-3.484346081326871,3632.3772693190663,98.20535552198372,-0.1745,66.4129377363357,-11.9431245110775,0.165,-6.119259760346754,-1.0158391397345647
63.700000000000635,-3.484876543425836,3639.0191737255464,97.01099539657795,-0.1745,66.42515039326665,-11.944077997037882,0.165,-6.119259760346754,-1.0158391397345647
63.80000000000064,-3.485409229771766,3645.662296804161,95.81654011769528,-0.1745,66.43731117903138,-11.945027580615575,0.165,-6.119259760346754,-1.0158391397345647
63.90000000000064,-3.485944132108085,3652.3066333782763,94.621990074853,-0.1745,66.44942030327171,-11.945973276230093,0.165,-6.119259760346754,-1.0158391397345647
64.00000000000064,-3.4864812422251608,3658.952178292184,93.4273456561284,-0.1745,66.46147797487582,-11.94691509826205,0.165,-6.119259760346754,-1.0158391397345647
64.10000000000063,-3.4870205519600206,3665.5989264110267,92.23260724816264,-0.1745,66.47348440198017,-11.947853061053117,0.165,-6.119259760346754,-1.0158391397345647
64.20000000000063,-3.4875620531960694,3672.2468726207244,91.03777523616468,-0.1745,66.48543979197136,-11.948787178905986,0.165,-6.119259760346754,-1.0158391397345647
64.30000000000062,-3.488105737862806,3678.8960118278974,89.84285000391516,-0.1745,66.49734435148798,-11.949717466084335,0.165,-6.119259760346754,-1.0158391397345647
64.40000000000062,-3.4886515979355437,3685.546338959793,88.6478319337703,-0.1745,66.50919828642255,-11.95064393681279,0.165,-6.119259760346754,-1.0158391397345647
64.50000000000061,-3.4891996254351385,3692.19784896421,87.45272140666582,-0.1745,66.52100180192332,-11.951566605276893,0.165,-6.119259760346754,-1.0158391397345647
64.6000000000006,-3.4897498124277067,3698.850536809426,86.25751880212081,-0.1745,66.53275510239621,-11.952485485623074,0.165,-6.119259760346754,-1.0158391397345647
64.7000000000006,-3.490302151024356,3705.5043974841215,85.06222449824173,-0.1745,66.54445839150668,-11.953400591958614,0.165,-6.119259760346754,-1.0158391397345647
64.8000000000006,-3.490856633380915,3712.159425997306,83.86683887172622,-0.1745,66.55611187218163,-11.95431193835163,0.165,-6.119259760346754,-1.0158391397345647
64.90000000000059,-3.4914132516976597,3718.8156173782454,82.67136229786708,-0.1745,66.56771574661127,-11.95521953883104,0.165,-6.119259760346754,-1.0158391397345647
65.00000000000058,-3.491971998219051,3725.4729666763883,81.4757951505562,-0.1745,66.57927021625103,-11.956123407386542,0.165,-6.119259760346754,-1.0158391397345647
65.10000000000058,-3.492532865233464,3732.131468961292,80.28013780228844,-0.1745,66.59077548182348,-11.957023557968592,0.165,-6.119259760346754,-1.0158391397345647
65.20000000000057,-3.4930958450729306,3738.791119322549,79.0843906241656,-0.1745,66.6022317433202,-11.957920004488383,0.165,-6.119259760346754,-1.0158391397345647
65.30000000000057,-3.4936609301128705,3745.451912869715,77.88855398590029,-0.1745,66.6136392000037,-11.95881276081783,0.165,-6.119259760346754,-1.0158391397345647
65.40000000000056,-3.4942281127718373,3752.113844732236,76.69262825581991,-0.1745,66.6249980504093,-11.959701840789549,0.165,-6.119259760346754,-1.0158391397345647
65.50000000000055,-3.4947973855112577,3758.7769100593737,75.49661380087059,-0.1745,66.63630849234708,-11.960587258196842,0.165,-6.119259760346754,-1.0158391397345647
65.60000000000055,-3.495368740835176,3765.441104020136,74.30051098662106,-0.1745,66.64757072290377,-11.961469026793687,0.165,-6.119259760346754,-1.0158391397345647
65.70000000000054,-3.495942171289998,3772.106421803204,73.10432017726664,-0.1745,66.65878493844464,-11.962347160294721,0.165,-6.119259760346754,-1.0158391397345647
65.80000000000054,-3.496517669464241,3778.772858616857,71.90804173563315,-0.1745,66.66995133461546,-11.963221672375235,0.165,-6.119259760346754,-1.0158391397345647
65.90000000000053,-3.497095227988281,3785.4404096889048,70.71167602318083,-0.1745,66.6810701063444,-11.964092576671163,0.165,-6.119259760346754,-1.0158391397345647
66.00000000000053,-3.4976748395341053,3792.1090702666143,69.51522340000831,-0.1745,66.6921414478439,-11.964959886779074,0.165,-6.119259760346754,-1.0158391397345647
66.10000000000052,-3.4982564968150616,3798.778835616637,68.31868422485655,-0.1745,66.70316555261266,-11.965823616256165,0.165,-6.119259760346754,-1.0158391397345647
66.20000000000051,-3.4988401925856136,3805.4497010249397,67.12205885511273,-0.1745,66.71414261343755,-11.96668377862026,0.165,-6.119259760346754,-1.0158391397345647
66.30000000000051,-3.4994259196411037,3812.1216617967316,65.92534764681422,-0.1745,66.72507282239549,-11.967540387349803,0.165,-6.119259760346754,-1.0158391397345647
66.4000000000005,-3.5000136708174994,3818.794713256394,64.72855095465253,-0.1745,66.73595637085542,-11.968393455883868,0.165,-6.119259760346754,-1.0158391397345647
66.5000000000005,-3.5006034389911616,3825.4688507474107,63.53166913197723,-0.1745,66.7467934494802,-11.969242997622144,0.165,-6.119259760346754,-1.0158391397345647
66.60000000000049,-3.5011952170786027,3832.144069632296,62.33470253079987,-0.1745,66.75758424822853,-11.970089025924949,0.165,-6.119259760346754,-1.0158391397345647
66.70000000000049,-3.501788998036246,3838.8203652925254,61.13765150179796,-0.1745,66.76832895635692,-11.970931554113225,0.165,-6.119259760346754,-1.0158391397345647
66.80000000000048,-3.5023847748601975,3845.4977331284645,59.94051639431887,-0.1745,66.7790277624216,-11.971770595468547,0.165,-6.119259760346754,-1.0158391397345647
66.90000000000047,-3.5029825405860073,3852.1761685592996,58.74329755638379,-0.1745,66.78968085428043,-11.972606163233129,0.165,-6.119259760346754,-1.0158391397345647
67.00000000000047,-3.5035822882884338,3858.855667022968,57.54599533469164,-0.1745,66.80028841909484,-11.97343827060983,0.165,-6.119259760346754,-1.0158391397345647
67.10000000000046,-3.5041840110812226,3865.5362239760893,56.34861007462304,-0.1745,66.81085064333179,-11.97426693076216,0.165,-6.119259760346754,-1.0158391397345647
67.20000000000046,-3.5047877021168716,3872.217834893894,55.15114212024422,-0.1745,66.82136771276568,-11.975092156814304,0.165,-6.119259760346754,-1.0158391397345647
67.30000000000045,-3.5053933545863996,3878.9004952701566,53.95359181431095,-0.1745,66.83183981248028,-11.975913961851111,0.165,-6.119259760346754,-1.0158391397345647
67.40000000000045,-3.5060009617191294,3885.584200617124,52.75595949827248,-0.1745,66.8422671268707,-11.976732358918126,0.165,-6.119259760346754,-1.0158391397345647
67.50000000000044,-3.5066105167824553,3892.26894646545,51.5582455122755,-0.1745,66.85264983964525,-11.977547361021593,0.165,-6.119259760346754,-1.0158391397345647
67.60000000000043,-3.507222013081625,3898.9547283641236,50.36045019516799,-0.1745,66.8629881338275,-11.978358981128476,0.165,-6.119259760346754,-1.0158391397345647
67.70000000000043,-3.5078354439595194,3905.641541880403,49.162573884503246,-0.1745,66.8732821917581,-11.979167232166475,0.165,-6.119259760346754,-1.0158391397345647
67.80000000000042,-3.508450802796426,3912.3293825997457,47.96461691654372,-0.1745,66.88353219509675,-11.97997212702404,0.165,-6.119259760346754,-1.0158391397345647
67.90000000000042,-3.5090680830098293,3919.018246125742,46.766579626265,-0.1745,66.89373832482418,-11.980773678550392,0.165,-6.119259760346754,-1.0158391397345647
68.00000000000041,-3.5096872780541863,3925.7081280800453,45.5684623473597,-0.1745,66.90390076124407,-11.98157189955555,0.165,-6.119259760346754,-1.0158391397345647
68.1000000000004,-3.5103083814207188,3932.3990241023066,44.3702654122414,-0.1745,66.91401968398495,-11.982366802810342,0.165,-6.119259760346754,-1.0158391397345647
68.2000000000004,-3.510931386637193,3939.090929850106,43.17198915204856,-0.1745,66.92409527200215,-11.983158401046431,0.165,-6.119259760346754,-1.0158391397345647
68.3000000000004,-3.5115562872677115,3945.783840998885,41.97363389664842,-0.1745,66.93412770357979,-11.983946706956344,0.165,-6.119259760346754,-1.0158391397345647
68.40000000000039,-3.512183076912498,3952.4777532418807,40.775199974640934,-0.1745,66.94411715633267,-11.98473173319349,0.165,-6.119259760346754,-1.0158391397345647
68.50000000000038,-3.5128117492076942,3959.172662290058,39.57668771336265,-0.1745,66.9540638072082,-11.985513492372192,0.165,-6.119259760346754,-1.0158391397345647
68.60000000000038,-3.5134422978251454,3965.8685638720426,38.378097438890656,-0.1745,66.96396783248838,-11.986291997067708,0.165,-6.119259760346754,-1.0158391397345647
68.70000000000037,-3.5140747164722,3972.5654537340565,37.17942947604646,-0.1745,66.97382940779171,-11.987067259816264,0.165,-6.119259760346754,-1.0158391397345647
68.80000000000037,-3.5147089988914972,3979.2633276398496,35.98068414839989,-0.1745,66.98364870807515,-11.987839293115085,0.165,-6.119259760346754,-1.0158391397345647
68.90000000000036,-3.51534513886077,3985.9621813706353,34.78186177827301,-0.1745,66.99342590763601,-11.98860810942242,0.165,-6.119259760346754,-1.0158391397345647
69.00000000000036,-3.5159831301926396,3992.662010725023,33.58296268674401,-0.1745,67.00316118011393,-11.989373721157579,0.165,-6.119259760346754,-1.0158391397345647
69.10000000000035,-3.516622966734414,3999.362811518953,32.38398719365109,-0.1745,67.01285469849283,-11.990136140700956,0.165,-6.119259760346754,-1.0158391397345647
69.20000000000034,-3.51726464236789,4006.064579585633,31.184935617596334,-0.1745,67.02250663510277,-11.99089538039408,0.165,-6.119259760346754,-1.0158391397345647
69.30000000000034,-3.5179081510091526,4012.7673107754695,29.985808275949648,-0.1745,67.03211716162198,-11.991651452539633,0.165,-6.119259760346754,-1.0158391397345647
69.40000000000033,-3.518553486608381,4019.4710009560044,28.78660548485259,-0.1745,67.04168644907874,-11.992404369401491,0.165,-6.119259760346754,-1.0158391397345647
69.50000000000033,-3.5192006431496505,4026.175646011851,27.587327559222278,-0.1745,67.0512146678533,-11.993154143204766,0.165,-6.119259760346754,-1.0158391397345647
69.60000000000032,-3.519849614650739,4032.8812418446273,26.387974812755246,-0.1745,67.06070198767988,-11.993900786135836,0.165,-6.119259760346754,-1.0158391397345647
69.70000000000032,-3.5205003951629354,4039.5877843728936,25.188547557931336,-0.1745,67.07014857764852,-11.99464431034239,0.165,-6.119259760346754,-1.0158391397345647
69.80000000000031,-3.521152978770845,4046.2952695320864,23.989046106017543,-0.1745,67.07955460620708,-11.995384727933459,0.165,-6.119259760346754,-1.0158391397345647
69.9000000000003,-3.5218073595922013,4053.003693274455,22.789470767071897,-0.1745,67.08892024116312,-11.996122050979467,0.165,-6.119259760346754,-1.0158391397345647
70.0000000000003,-3.5224635317776776,4059.713051568998,21.58982184994731,-0.1745,67.09824564968588,-11.996856291512268,0.165,-6.119259760346754,-1.0158391397345647
70.10000000000029,-3.5231214895106966,4066.4233404013976,20.390099662295437,-0.1745,67.10753099830815,-11.997587461525184,0.165,-6.119259760346754,-1.0158391397345647
70.20000000000029,-3.523781227007243,4073.1345557739596,19.190304510570524,-0.1745,67.11677645292824,-11.998315572973056,0.165,-6.119259760346754,-1.0158391397345647
70.30000000000028,-3.524442738515684,4079.846693705547,17.990436700033257,-0.1745,67.1259821788119,-11.999040637772278,0.165,-6.119259760346754,-1.0158391397345647
70.40000000000028,-3.525106018316579,4086.5597502315172,16.7904965347546,-0.1745,67.13514834059423,-11.999762667800855,0.165,-6.119259760346754,-1.0158391397345647
70.50000000000027,-3.5257710607225,4093.273721403661,15.590484317619634,-0.1745,67.14427510228163,-12.000481674898436,0.165,-6.119259760346754,-1.0158391397345647
70.60000000000026,-3.526437860077849,4099.988603290138,14.390400350331394,-0.1745,67.15336262725367,-12.001197670866372,0.165,-6.119259760346754,-1.0158391397345647
70.70000000000026,-3.5271064107586767,4106.704391975413,13.190244933414688,-0.1745,67.1624110782651,-12.001910667467753,0.165,-6.119259760346754,-1.0158391397345647
70.80000000000025,-3.5277767071725066,4113.421083560199,11.990018366219926,-0.1745,67.17142061744765,-12.002620676427462,0.165,-6.119259760346754,-1.0158391397345647
70.90000000000025,-3.528448743758152,4120.138674161387,10.789720946926941,-0.1745,67.18039140631208,-12.003327709432229,0.165,-6.119259760346754,-1.0158391397345647
71.00000000000024,-3.529122514985541,4126.85715991199,9.589352972548795,-0.1745,67.18932360574999,-12.004031778130672,0.165,-6.119259760346754,-1.0158391397345647
71.10000000000024,-3.5297980153555453,4133.576536961079,8.388914738935593,-0.1745,67.1982173760358,-12.004732894133348,0.165,-6.119259760346754,-1.0158391397345647
71.20000000000023,-3.530475239399799,4140.296801473723,7.188406540778285,-0.1745,67.2070728768286,-12.005431069012811,0.165,-6.119259760346754,-1.0158391397345647
71.30000000000022,-3.5311541816805283,4147.017949630923,5.987828671612461,-0.1745,67.21589026717416,-12.006126314303662,0.165,-6.119259760346754,-1.0158391397345647
71.40000000000022,-3.531834836790381,4153.739977629557,4.7871814238221475,-0.1745,67.22466970550674,-12.0068186415026,0.165,-6.119259760346754,-1.0158391397345647
71.50000000000021,-3.53251719935225,4160.462881682315,3.586465088643594,-0.1745,67.23341134965105,-12.007508062068474,0.165,-6.119259760346754,-1.0158391397345647
71.60000000000021,-3.5332012640191106,4167.186658017639,2.385679956169053,-0.1745,67.24211535682414,-12.008194587422343,0.165,-6.119259760346754,-1.0158391397345647
71.7000000000002,-10000.0,4173.911302879663,1.1848263153505592,-0.1745,67.25078188363734,-12.008878228947529,0.165,-6.119259760346754,-1.0158391397345647
